his_num_311_per_property,neighbor_his_num_per_property,snow_depth,percent_below_poverty,percent_civilian_unemployed,per_capita_income,percent_no_highschool,percent_65older,percent_17younger,percent_household_disability,percent_single_parent_household,percent_minority,percent_notwell_english,percent_singleunits,percent_multiunit,percent_mobile_homes,percent_owneroccupiedunit,percent_crowding,percent_group_quarters,median_year_properties_built,median_value_properties_built,percent_no_vehicle,distance
-2.117447191946591,0.0009234962696971216,0.21817685003541057,-0.0035673578800818452,-0.06761167246030433,0.10369596255729192,-0.023522643933587873,0.07342375487117207,0.006417876497536845,0.30241026794584175,-0.10437391246914665,-0.42000320480601383,-0.017592203986120224,0.1252025208506442,0.06714196009004514,-0.003814215310860103,-0.03757229985277677,-0.004270160035177639,-0.005214808932711268,0.1600250190706281,-0.14321481148090517,0.30970846181580275,-0.1495146827459716
-2.5576806902112574,-0.05808973357410126,0.1639814462054423,-0.06558556529013285,-0.013709394729933645,0.08045255142049665,0.03378241875877221,-0.03207898800070459,-0.040919927767975574,0.04724755591305883,0.11955280763408327,-0.6675615602585101,-0.035458887234617945,-0.04865221511948725,0.03758149438586304,-0.0054154661201379906,-0.19249638385739712,-0.022874620647703514,0.03381461872220801,0.09179628849291857,-0.3016672640728709,-0.04992885655919181,-0.3820258445331547
0.2209794740061543,0.04037392916049143,0.4285098623962563,0.01737105351334085,-0.053841503998094974,0.04102350850598837,-0.11459400886627566,-0.004885107745607442,-0.041417532920608034,-0.007546068648327253,0.13429564974051056,-0.8987457813116692,-0.07519919707913436,0.006105517497391766,-0.041640791599636184,-0.0025152676346458236,-0.07944140726662105,0.0028254599279784465,0.03660959272780388,-0.05026743216335072,0.18257682844776618,0.07400220535867366,-0.257803632014204
-0.22866667863733925,-0.05534954419944036,0.28308607463400837,-0.10905974278533899,0.008086853438245,0.022481736763431837,-0.02343056495889373,-0.011147167924041402,-0.0378148298193115,-0.29996914817186254,-0.10873887766494121,-0.6663924562138416,-0.15936401862467414,-0.13288647479620472,-0.09110694251454224,-0.0008828618815792666,-0.05635183348310511,0.007768411214433968,-0.06676753323397655,0.03548646147853294,-0.1698567247603396,-0.05071532230834182,-0.2709816818068468
-1.423746937868188,-0.04802092371886531,0.23212238904791355,0.02207000215910453,0.07249599596508957,0.09336986744277968,0.1741908803146603,0.08238724224372299,0.2791074003074982,0.12888826417221527,-0.019973116908293776,-0.19808790863810355,0.1638636550853084,-0.023435510441844352,0.051248461766297736,0.08794707603819826,0.06888323306659601,-0.017168397659366796,0.04669974004031916,0.05070803099765753,-0.07626706790468499,0.07533084912050932,-0.11097858217496874
-2.526652564397536,-0.07773755800736586,0.20453695587499218,-0.03518870667917775,-0.06693143836759777,-0.0733602750240833,-0.001842636496042438,-0.07352078361488616,-0.011141790559314524,-0.16909210004346092,-0.1844658950931342,-0.593596723301689,-0.03797160884163131,-0.05811340132196272,-0.02129241975697225,-0.005826393033435506,-0.07530906932809067,-0.01929010768565371,-0.07742410097160271,0.10049204616100856,-0.3045127579610988,-0.06608726624305956,-0.38066571105040997
-1.7958122888108314,-0.01105149608867242,0.1856501866500923,-0.020541046030722397,-0.0637077136952822,0.06079322193301664,-0.0147141217550959,-0.06137874712496858,-0.10491820572949004,0.09098796337651445,-0.015843015638899692,-0.4932270259398968,-0.04874423304996869,0.06969222498895462,0.04756908428480307,0.04718359717825997,0.00455159852834548,-0.0026511212964732246,0.048620851429080236,0.11618615254728466,-0.004819142113140806,-0.035355692995548346,-0.20760706502449225
-0.2038730084175316,0.02643236138435885,0.24079723637961364,0.02549757109991759,-0.03886521142813502,0.0055516985400190675,-0.06797212207185126,-0.09073104131455798,0.08752245182076805,0.06392689053511766,-0.02326808624762915,-0.5639670357056027,-0.02907872556636466,0.11063075415739405,-0.03330816484570489,-0.00040359872913215967,-0.16175057339666737,-0.014931304343690232,-0.0026893540802196193,-0.06272937144762078,0.12537326618653077,-0.005518833226491449,0.0883746593426781
-0.9029121113782438,-0.31090163232712686,0.12676714781863282,-0.007877301716209217,-0.09567215696024509,-0.046667786882758924,-0.1564336825520251,-0.09391773903101605,-0.150662867170367,0.06361272686127398,0.0006582856399534708,-1.5040244109245493,-0.18846434355740746,-0.08230543636585645,-0.06212225547062258,-0.0006027141455136498,-0.03924798197953701,-0.05939364636335385,-0.019986716979554054,-0.09463622254727491,0.09554813319302542,-0.04710844179323113,-0.12952971731776725
-0.5759735380841537,-0.0702354705833784,0.29286737459625967,-0.017577060611100405,-0.007633528269684398,-0.026396454044197527,0.08635751497014592,-0.04775629654465465,-0.07329714279934274,-0.1671697049604944,-0.043570880706977455,-0.4136330505261808,-0.06572011057382321,0.0630847706124908,-0.016754092338014902,-0.00037168475699793645,-0.09681213004102177,-0.0045792672230622776,0.06681585749518888,0.11017346358598398,-0.1435381394205213,0.07465384994474408,-0.18585922417765638
-2.6955508641488892,-0.20075570479097915,0.15011208349478675,-0.0503248696329329,-0.03172505898976778,-0.14088101450801566,0.07192371867895186,0.024137530458819213,0.03668760803088396,-0.11732370925916391,-0.10770539307497029,-1.2371146004746638,-0.04813019125904794,-0.1217085755932477,0.00019854142603983326,-0.00554522687652228,-0.1236509522381557,-0.003820541192169946,0.049573548885600394,0.08836872325846072,-0.5090753327785416,0.018275814379452006,-0.45504381377899816
-1.0505181237824073,-0.16985696619209095,0.14488791668359022,-0.03582896631918908,-0.03544870223853138,-0.06209601277025807,-0.08505225038254612,0.09160934360307693,-0.019477147423799402,-0.014641838924287586,0.022118250804725292,-1.418000897483054,-0.08874036908222416,-0.1452435758290178,-0.05456892133711624,-0.0017638893040316627,-0.18427775236810087,-0.012505540833861416,-0.1759885877227682,0.12340977944074978,-0.22960693681624278,-0.023048164786250512,-0.458640702889622
-1.975501713024767,-0.07548838052845826,0.10423233013433322,-0.05791314240293879,-0.0062321973970035135,-0.1168480857418063,0.05702010680378322,0.05673335178382759,0.03223851011702483,-0.11124550219759635,-0.06942286010719072,-1.2880071891106863,-0.041709408139069246,-0.05383092803004508,0.014220511192168184,-0.0033864940033053958,-0.12311024357587921,-0.01244394702573386,0.05517463843534918,0.14180665885592497,-0.43130614421553365,0.26802937315671516,-0.3536882359941647
-2.8498016231352192,-0.21502411934305637,0.020269275603797786,-0.08498818727649397,-0.10565987892360576,-0.09374335718898155,0.00458823528748975,-0.047688232014988154,-0.11226420371726933,-0.15352525482989945,-0.17412008139125584,-1.4038704648491698,-0.052837956794741056,-0.1317719591868766,-0.017525766090409522,-0.006533132087446836,-0.1756611600055067,-0.015406191510264521,0.02690415720865631,0.07086588147420012,-0.5795252415138833,-0.026026722892648336,-0.49069268585331416
-2.503048531545136,-0.23200325298230892,0.08290758482384705,-0.030128257267241443,-0.0746428609543293,-0.17051363046590132,0.059224652586583604,0.022602928660439135,-0.113518167610171,-0.14597498512387008,-0.16549324598153872,-1.4542879252277299,-0.043000498698349564,-0.1515493095521252,0.012327712565272186,-0.00572620932301251,-0.14220857103838597,-0.01831551543484915,-0.13630279041697885,0.07018346395402633,-0.4772946152694894,-0.010612672256840172,-0.49502433464305035
-2.1178900138070125,-0.07352898147283997,0.09786648788344254,-0.08862330698741946,-0.03903659965292361,-0.05094439233391488,-0.05514779830516301,-0.07239564828768055,-0.13085161974899734,-0.0914744189265119,-0.15676300669489796,-1.1829785753098474,-0.06595053188618887,-0.10560083277538937,-0.041592273584566186,-0.005150447744977837,-0.18400742913882198,-0.020113841260487854,-0.2222113971980198,0.09271952108119512,-0.4039233603639033,-0.04709542215587263,-0.4622079672333162
-0.7391002628455207,-0.05631986635394677,0.23636150466175945,0.004618567758561731,-0.07933569386085412,-0.08080788579996172,-0.018146306020317037,-0.05159837156338245,-0.05190940807939075,-0.1544297380395115,-0.05507276269013639,-1.1798887286639244,-0.08421525268274106,0.07032077162362071,0.0018965459920017302,-0.000641871531192173,-0.11893902260577952,-0.022768516666660955,0.06114725243322523,0.13569877997265314,-0.19822968240543332,0.15029665405797887,-0.2574312111069698
-2.5179120646224034,0.014950973308921478,0.20590752444511895,-0.0300658275471263,-0.037350378891765554,-0.08096675045376447,0.10051388871959177,0.16728264521008257,-0.07133903938707915,0.16569961030126995,-0.10872778160592889,-1.2001725838221193,-0.044295705722925315,0.006861204826513223,0.03284217204126048,-0.004093241919324609,-0.15059885622132557,-0.012562907282561042,0.0599054802712121,0.11233904823554024,-0.3889613624424937,0.014116328345800833,-0.1903402805823931
-0.23690257814013274,-0.04688576387979335,0.3478317799732145,-0.03634622974505382,-0.0711656626218093,-0.00485499133734324,0.010103085598313211,-0.041345153875938755,-0.03286413436845335,0.11217422826233685,-0.07150688908400156,-0.5360069678331323,-0.08841511443940249,0.04243274277901028,-0.04331027988629952,-0.0009455112540603494,-0.16055092787504818,-0.0034452056492829896,0.04736858155673138,0.14210308302086902,-0.12315025224978156,0.05294654120844662,-0.1449721339042494
-0.6534284607312031,-0.014408815140182085,0.29073543332319246,0.03532781201350703,-0.052134441947612145,-0.016332109809248062,0.03892899767899216,-0.05915166799970839,0.06023155243209795,-0.12190418834207373,0.13248567124633642,-0.9580457330021954,-0.0868867016228844,0.007914373151393672,0.04824222366017565,-0.0013190950823036118,-0.1419739409866704,-0.018424409971773414,0.0316302956414626,0.12336718034781562,-0.2139201124882483,0.04953741224611816,-0.19175954921600757
-0.01839483761268701,-0.07206546354950474,0.45548609176828425,0.08023342367572939,-0.01260020495316443,0.04283090883359817,0.045555530080638375,0.07643410830521136,0.07696224123364734,0.37197751694872744,-0.046433354600535104,-0.2275775167009538,0.05957141710723892,-0.020688798219819483,-0.026431486370049218,-0.0005882604095634569,0.051325048624349015,-0.0011139007100524623,0.02329872869956091,-0.02123737414613309,-0.05362862108735964,0.18062873935565715,0.0029027893245893387
-0.8889247920903752,-0.03914180922276245,0.25043979784549386,-0.03389182807507174,-0.09102165036486505,-0.07905149921194768,-0.1112828765375006,-0.09048346331973547,-0.1322423968785075,0.06184505318035782,-0.05349278475672374,-1.301221898960461,-0.020763969667357385,-0.10744654209091249,0.04727802900473588,-0.001168652202090259,-0.2555781195499903,-0.03634847470104478,-0.22107564522094236,-0.04632300578831563,-0.17879269923219723,0.03981039205525958,-0.39961280270342103
-0.5816538380668665,-0.025488432254624892,0.31042377293255746,0.06720952968086022,0.013840361554596736,0.01211561591132435,0.11286432946488852,-0.04667578228291926,-0.045428657148391685,-0.22198853465015853,-0.06352587370572209,-0.4627538242344659,-0.13662121749686484,-0.10136720893235936,-0.07049911176495396,-0.0008385086228352989,-0.014098356596825923,0.08197332139308947,0.05501211168586488,0.06611155251530736,-0.15730012592575945,-0.03209321115543391,-0.09777656412588476
-2.1218584034935537,-0.03517142638812456,0.20212176515353364,-0.013110059902990833,-0.08215278212804074,-0.06090983209398173,-0.006633126181102744,0.14175319818715298,-0.0962988544012747,0.10464585578293936,-0.04868418359714934,-1.2834235117122743,-0.06204609729710433,0.028718744706292033,0.02951254412675821,-0.002709026491389066,-0.16443641284833793,-0.018664756349231038,0.05592900278078998,0.08449679525519205,0.17323697528074397,0.0057484580228177595,-0.15956851871903804
-0.12374025560400677,0.0186837967242397,0.48257126948772855,-0.014217690982100972,-0.02316103186234635,0.010998211174585836,0.06782816066632122,0.03671958536642652,-0.05549320003859837,0.1811483981773682,-0.06589281184650497,-0.24005329122729435,0.08609060599009055,-0.058303142734860994,0.09959454679162186,-0.0010092025539398363,0.050285234837048255,-0.019207280854188102,0.002119225846861994,0.08889704883658807,-0.07445898356103706,0.07578035474244764,0.11967475061198556
-0.5912004548958738,0.0006367960887748936,0.22188772644815513,0.008570724831474941,-0.04937634443705372,-0.04647709542631295,-0.13063269653144377,0.08279155126320133,-0.11927323347598318,-0.13731427883480168,0.07201897246889936,-1.2704503786692203,-0.10913425938491077,0.06549266343585565,-0.053254668201650014,-0.0015517825032001832,-0.1525904249963487,-0.006347253002491104,0.0492804754953875,0.12508329674427773,-0.1640451059415687,0.051146181998720765,-0.1099450707524496
0.8781134969666773,0.0103205863593546,0.4493492870650885,0.0038977455169860063,0.05087695441320363,0.036905581487714834,0.03466346228030863,0.11153426637345616,0.05091218105109378,0.3258871685198773,0.14561265402429938,-0.9159162832517087,-0.07341667722028307,-0.11042414302718165,0.06690402290430927,0.007517515447031897,0.14920114745722043,-0.019671572928009695,-0.02947478094279692,-0.10781991598586585,-0.001897067185200374,-0.03572010958396774,0.06093982841561285
17.13002291259305,0.09113967036752282,0.10130776150903573,-0.02851335948676743,0.12310864743003602,-0.039418557871792895,0.07338426100919389,0.45563461452529685,0.006132118149973475,1.937186118580095,0.14898728393223432,1.622453160893097,0.03535749823888192,-0.0780352952122632,0.38889268651028985,-0.00038781475425153644,0.01461210665810837,0.21656962713683364,-0.007304492476585267,1.6086644051784489,-0.10147052242237206,0.2639843850061874,1.6745408740466126
1.3270863559475925,-0.007103129287607324,0.05750288414221787,0.02310546637501707,-0.07901212948954166,0.04178933149187207,-0.09552116307461081,-0.06330727057011369,0.03961307701213936,0.029704086091667838,-0.19637081779704335,0.5859999627139167,0.10314421061497532,-0.16295437391240278,-0.03054942331803572,0.0004869396378675894,0.15866742414680282,-0.012633379965432656,0.03502107027797115,0.4499179870999904,-0.19970348836056545,-0.1477870182520676,0.16065284131320504
1.6372084832619727,0.0701038548024285,0.08711059986933031,0.11875116218401569,0.398355883098108,0.06508953767482106,0.0009642056500347885,-0.011838012530686282,-0.06079849431860067,0.00955801972742858,0.3993953627691799,0.484011917575687,0.08203559159350426,-0.10308724060858018,-0.04810460218015518,0.00041494393768513047,0.18659227008425328,-0.00879680880616247,0.0065961436457102176,0.7333207813276227,-0.06457895379150572,-0.14172868891006757,0.34323108157335447
-0.8288249416057883,-0.035921422118319855,0.1144171703861705,0.030563096132763423,-0.078528774813614,0.10756420898603469,0.06571489985358206,0.014414530150534066,-0.08290644817350028,-0.03843803126792196,-0.16914053800462084,0.4594521393799866,0.006385959326871226,-0.20582469604348325,0.05314502868377522,-0.0006114189976451634,0.18725101921905676,-0.031883352616027774,-0.002997387951761876,0.13776885349393844,-0.19161252324425507,-0.03976996944807025,0.16021371251462665
-0.6142356894223606,-0.09741916474929502,0.047647069951350304,0.07834200666552746,0.09547570660293933,0.04660148498561343,-0.10133749971115939,-0.059717915783517574,0.08694781801795166,-0.038890491311924166,-0.13351265047433064,0.9023184794328143,0.07806613271192867,-0.037473383678929474,0.040250785332647164,-0.00048805596654100114,0.02907295899281177,-0.014440077277981711,-0.045644985376629865,-0.02974660207391695,0.18780969253548854,-0.09894128261524884,0.1426769123994293
-0.6846263201811196,0.08065557994741805,0.044594860045314724,-0.06942253260262925,0.029043563320420508,-0.027779715751599276,-0.14728422132314903,-0.047541566736904,-0.11638956199733945,-0.029498668016910035,0.19677246311306645,1.0414361495718159,-0.04341629886320684,0.07872663136280131,-0.05390675874560946,-0.0005144381256226183,-0.16853889850344742,-0.007825587522363352,-0.02589347039725922,-0.04078564995560212,0.22879668506560397,-0.06867419243343749,0.15152708463134273
1.0403484279415303,0.04715511519405169,0.060123360840404594,-0.0052271722174995535,0.005870075505026673,-0.008905764454108133,-0.10079271886276953,-0.11784080433318263,-0.14718187321472867,0.16767651007403428,0.06930054553935738,0.413962225144183,0.13017844032924114,-0.09478694217434933,0.02294633015409664,6.898165770010677e-05,-0.011935033601661437,0.014641944900607662,-0.03446886056576579,-0.2546054958850871,-0.007248240171972853,-0.18880358540203793,-0.05374829414212492
-0.3821787701224178,0.06635453391352356,0.14141951628236873,0.002698497640203623,0.07245597249454132,0.048653016080415765,-0.10857403119267577,-0.044967236004729384,-0.1118218521414498,0.023075507935545848,-0.14484365522458473,0.7802522264054229,0.11267692390160092,-0.005059742795980338,0.01597807251699539,-0.0007774502550008222,-0.03802773124748304,-0.015234094244243313,0.10082793812485083,-0.09274843926226692,0.11346568877682647,-0.13510790280052182,0.07230973467136152
0.9252024134065959,0.10350010742223778,0.2360615305518216,0.008223316711997431,0.09311490133523836,0.09475321196283826,-0.07265632126237591,-0.06926903893337286,-0.07390364545574073,0.1735408530045583,-0.007536370022877126,-0.3422911565392752,0.5267006191364836,-0.018832396533416774,0.11486921850713543,0.0005285424743361134,-0.037919250194046496,0.08316169311177105,-0.0014390208003731253,-0.1750647174308047,0.10541369351559222,-0.0630289114527625,0.1664567504724798
0.38164201164907813,0.04684127237269475,0.11803923094560842,-0.004422945327201245,-0.06537878151290047,0.03266717534578847,-0.06121050770197049,-0.05050033084233485,-0.17551826378319077,0.04860310456412922,-0.12779474670714314,-0.6675470785059894,0.012563600765142357,0.024073390451260668,-0.1355875450525926,-0.0005773727085720104,-0.20350461243731202,-0.018394549772407575,-0.051756178717488055,-0.38306126565427984,0.03864812472494483,-0.0824397867254417,0.020765047417998162
0.6806196071212672,0.11751725279800755,0.7370561528243484,0.06826236754159956,0.06723811954345145,0.02474686510394779,0.08268974130222126,0.11108934320790453,0.3035383863792288,0.23072326239141336,0.11017783921094085,-0.4088914918635793,-0.05595841619326984,0.20902584703798768,-0.01834327456131817,-0.00046521815589608553,0.004602182490970552,-0.0012289672731613521,0.03107774368278271,-0.04331035010228179,0.13130705029767348,0.20789612675967978,0.37577857208070203
-1.3841838067824608,0.10490317338956023,0.20897048115819308,-0.041794903883953974,0.0533510516348108,-0.008112938482437127,0.016338183146116503,-0.020329369613517743,-0.06391969362822154,0.07969248745548177,-0.029633096379718272,-0.506004580152634,-0.04717355577284774,0.1326036807418512,0.029114141566175,-0.0024234489072274103,-0.038826160187411585,-0.011866258021234088,0.05904005519843789,0.18583021089030477,-0.11937477650956438,0.0019383612394665128,0.1500720779052064
0.06398892855730356,0.07556976923863683,0.45017901023946194,0.08677961099630771,0.018931506834268762,0.03348570551560357,-0.004863446208170608,0.0634282164171247,-0.11136352444359802,0.04083587336475043,-0.06661611375182899,-0.8429736860307017,0.3179956219615116,-0.0418623503728794,-0.05965026573354493,-0.0004785113072379943,-0.0737677253988294,0.06964000669443013,0.007774113818875339,-0.10845450578921723,0.06451416816260655,0.15181856758755963,0.25985437669612416
0.20955877154264896,0.07664574952423182,0.27221117631499114,-0.030397549969624914,-0.0025356023853935206,-0.037795761944461236,-0.03355124422840152,-0.08871778173833889,-0.1406002246306616,0.10927092191330354,-0.11459618703495167,-0.4276380487203224,0.09561277440482456,-0.0010098454621146225,-0.05840514791034028,-0.00019938517532409606,-0.05630643435806153,0.03369484677004424,-0.0013592199561251127,-0.17207919084029316,0.07676245784692623,-0.03360970244644816,0.08932507702485423
0.03180345360732693,0.047611787116926776,0.2612287312395171,0.039180348528014795,0.05473096907790742,0.031500323646776,-0.12375198339933347,-0.11151603956796947,-0.014266863111259197,0.11147802667202003,-0.09688786548911574,-0.5138227860330271,0.04284549764634216,-0.0088070912881002,-0.03796919526358833,-0.0017747430204574145,-0.1076985460227978,0.03772157257031568,-0.00901342563244576,-0.11038651758546117,0.08167924797141302,-0.042256108100928905,0.07221774422720095
-0.30896486954075736,0.022831497262203283,0.1498763397413975,-0.04153394440585876,-0.029258629260910673,-0.030408616978960624,-0.11445510481346952,-0.07640763359774008,-0.16137899466956088,0.04280215824821996,-0.12150998591153553,-0.5156810166607495,-0.11078860717266217,0.03392070796664903,0.019760091618130103,-0.0010959752544137836,-0.23068413290957251,-0.026944386307147815,-0.0042212994492088814,-0.0003416409750354177,0.04836729125982764,-0.0777129350363511,-0.027807931882530036
0.7391987554988202,0.05021422565765885,0.24758448483434706,0.02766738765264227,0.024780263980156824,0.044062364383145966,-0.02837666052988048,-0.04072427274584465,-0.04998920706131926,0.413214085370056,-0.09235508418062537,-0.6144393406989836,-0.06871920056006849,-0.029906536295185582,0.013640991323508444,-0.0004359684266534103,-0.025340634110033823,-0.019294385963870474,-0.01709470072937789,-0.35458458725367004,0.033946890359124016,-0.12128207089530338,0.030256388523200874
-0.03681505100698379,0.08430463727551425,0.3042441202804581,-0.0023626808215498228,0.008861297450918394,-0.001382210168180631,-0.06702757891075536,0.0302855958631973,0.001311870725113362,-0.010059733644639034,0.13394197825463533,-0.8877372082862329,-0.07387538314446766,0.04575576707990594,-0.016591831293857863,4.502845166332037e-05,-0.05402141959901803,-0.012813426161463415,0.027528131997329463,0.0449257919411199,0.18445547720272745,0.11194308087905273,0.2445724572008512
-0.5617698839696279,0.09634070063841574,0.1104528360505415,0.01958407998489555,0.03570222944264421,0.03411179600833254,-0.06503437070710101,-0.08696268169510671,-0.04822440484298083,0.2994799376493084,-0.0613092085836711,-0.32276599835505665,0.005214644573665339,0.12873446379109987,-0.02168908301576398,-0.0009022765106918129,-0.16577093185288402,0.08297166337518354,0.011182263736459586,0.059302707165263605,0.15535933463741713,-0.046920404448135944,0.13616769682095614
1.007497998750555,0.0016503423679759877,0.10707297992846021,-0.027473291270497847,-0.05035275556615968,0.002892147689642144,-0.010920515499579508,-0.057367480867344424,-0.1481222717121283,0.06113694821450233,0.14269044589732055,-0.9711930652727444,-0.208624864320797,-0.052761720136105604,-0.05546854195821673,-0.008376855038729314,-0.21290283497525325,-0.008777139585582728,0.01112327007556706,-0.2965158792798583,0.12076312068342601,-0.07297489599742724,-0.009980137882310825
-1.4829253649413956,-0.0008608034797316754,-0.013536630187362864,-0.07239448871946008,-0.01944689155503232,0.05480031355817259,-0.10106037394191655,-0.10106421793030584,-0.07109087111550094,0.024732098108890897,-0.10852463168804993,-0.6040972207894864,-0.07077877415501561,-0.034636228212276965,-0.0022631941481158434,-0.0018802430780681333,-0.24335393427390972,-0.01610559954775157,0.02803576746022012,0.04454413228005727,0.169103073457506,-0.15444052986884058,0.047088584256323604
0.753284427898495,-0.03858429759316566,0.18917163732492961,-0.016785851663148055,0.012586852145539406,0.06846955667184931,0.13339274197721104,-0.010993592073653247,-0.06481058710271395,0.06955847423813903,0.05748806567388378,-0.4490963705679669,0.12909116299141649,-0.11767127920566489,-0.052696537473258864,-2.2180486946954402e-05,-0.10230416243191502,-0.0054271994216708915,-0.011512979583859195,-0.2674331669155209,0.2093359855150946,-0.05588981998409155,0.0690375333346644
0.17591210352877873,-0.10190267838256242,0.06259283134346569,0.019386326507291773,0.0009203699499060747,0.019596524919286828,-0.12167525558514658,-0.13772761415965,-0.12321080091108705,0.08850668663575485,-0.06993187699326722,0.9284967140985751,-0.010940282630509923,-0.14685738044431637,-0.14309030136655015,-0.0006436624423042048,0.1511927921926432,-0.007022912847607898,-0.08420634987468949,-0.17884286294916976,-0.10457750437339408,-0.19447042707815143,-0.011618305042146648
-1.1968439626374672,-0.2110773939843141,0.03255923174965751,-0.02516348485599309,-0.12140136859154946,-0.11631762555158405,0.0767876576443478,-0.1312130258652621,-0.06826745709203257,-0.22508423813607167,0.1601183753686856,0.47670548541783725,-0.03442286045454575,0.048311734462279696,-0.025962442359804428,-0.0003310224119370098,-0.1553005696288942,-0.017009238264922465,-0.12329289794440842,0.10373624371181078,-0.3834164199525071,-0.11658140449415466,0.08248653384862399
-0.11061847361296398,-0.023902112424983545,0.18108052456039783,0.06033680434374515,0.13300943013520294,0.07652924885852012,-0.03726281152277151,-0.03972130174854112,-0.03748265323424924,-0.007610174293507121,-0.04859575524383306,1.5538121054801013,0.052707086964186356,-0.005272410900545488,0.05182321202466698,-0.0005283773531735037,-0.0007470654149908995,-0.015194747777746365,0.0883650359367163,0.25147653239393514,-0.017614829300630318,-0.051780256508302626,0.30290019156642634
1.2499887059772024,0.1787956800645408,0.25420871047572735,0.02844949731525519,0.008869747806366046,0.1003919341837503,0.04474233926736586,0.12044756852254049,0.18980169909234795,0.07328125402153329,-0.026966935621202826,0.8353479697342298,0.06313541894238303,0.00960317108303128,0.015324035477505493,-0.00033879761107744597,0.21248860205006287,0.04772863782805788,0.07569444420217905,-0.17075367489245802,0.2650344951789747,-0.10020534801767855,0.1516306187733612
0.2618402123205926,-0.012198324042693009,0.1795958138755262,-0.004445079887570013,0.1276940251134553,0.06654297595908769,-0.09555876296753549,0.014578043679070252,0.05434518217317654,-0.11006377113805507,0.27059765276156594,1.2098288928494778,0.14449863767988366,-0.008334025348235397,-0.04845644877698261,0.001824203454792439,-0.1350987413812324,0.03514137878995145,-0.015100119314054705,-0.12240513203403651,0.07764361533801738,0.1636822633298946,0.05916619204307718
1.0086233970608105,0.03758994611623585,0.29111408848017595,0.004061691520174993,0.036317428408339666,0.0743075573954032,0.014704484987231491,0.0757682887808783,-0.061154005842714645,0.3755578308767803,0.02232549232644656,-0.4217438684006979,0.46236226591115515,0.12794542821011187,-0.053490080991465835,-0.0004987117072071002,-0.1565835120357157,-0.008979508064063247,-0.005298533219145085,-0.29447424089359436,0.26816250348034326,0.16329895335861364,0.15979627830852267
0.5347738515399485,0.10334542825803564,0.2831800972761177,0.08638448566902604,0.05159064404269138,0.14764914122815576,0.36492184263650485,0.1911364068968134,0.21778011415416748,0.32383006126879066,0.06692318009858296,1.6097285670282275,0.3262522382955356,0.02463536235671624,-0.0052440114967108546,-5.569284990238899e-05,-0.05119957138790001,0.02623949914048298,-0.019327932820907456,-0.13617705511066455,0.33479894187586823,-0.02428711783898354,0.2915015779503041
0.25582261275744234,0.01438210202500212,0.11626059490611462,0.0954372806451885,-0.055121554001411346,0.01623748859690961,-0.10303029614586805,0.13697732963843548,0.01805232385249429,0.05084561695737504,-0.13055330264922257,1.2303000770554264,0.23148762187207286,-0.016198490741944037,-0.03213963834271878,-0.00013147460038398506,0.016600324079669004,0.031020918958679023,-0.04162316614380046,-0.14837289197157588,0.11657236702657858,-0.161646445433568,0.04531394862896443
0.9515784441990907,-0.05468962281450853,0.0513098578896952,0.0284116732928954,-0.016372438114441577,0.005725807702870967,-0.15436947900107878,-0.0892573457043027,-0.05022556920898395,0.00468105677077304,0.14762446506064375,0.4524315801585145,0.028184011333132107,-0.10497408035112335,-0.04388389220337805,0.00012518040809421648,0.013929765872535782,0.022842876271560453,-0.025864002679234853,-0.3065882257877156,0.03374855739834759,-0.20207620653127503,-0.07632370668947361
0.5583847261594583,0.11918625900867079,0.2531937903111472,0.024207282707467657,0.004326887197324947,0.04865319841599565,-0.06124408277051661,0.12735859110428754,-0.05701948023130514,0.04829482698466485,0.30048912286575985,1.2892538835351952,0.29484855470369176,0.047633630731452214,0.010021478442697962,-0.0002497447283508869,0.28941474039657605,0.05019766288539396,0.12113101403447776,-0.13391325917884256,0.1879444866387468,-0.0956216025757219,0.15129364895413122
0.5571238847452314,0.005164877636676568,0.07300423882639455,-0.00982195069633134,-0.06430809486561655,-0.10576990202523931,-0.014917688179078858,-0.10733971477246422,-0.1654662906397933,-0.07948277588144803,-0.29715694707508,0.5835498707703787,-0.16740210166714276,-0.09749889340581319,-0.030186425758959867,-0.030450846746268124,0.177216888015138,-0.011901860164362343,-0.03666267245208399,-0.28791339711787434,0.16655859675991236,-0.050705909972049934,-0.08535324559627275
1.6559750971683145,0.13811963574463135,0.3214051094718425,0.16833599005777514,0.04146560616208257,0.11476106288616705,0.44487974102975497,0.06682295200589365,0.16051180880461918,0.06504015453257646,0.7549708509131028,1.7417836780835152,0.12310346094272218,0.30168086969395597,0.018010940661390862,0.0011763374629048863,-0.06827763474187973,0.03870992784959952,0.02427859500662031,0.35053560907442216,0.2419983896631126,0.44796278314262505,0.8707731319380365
-0.2975814779118938,0.09389702984863657,0.03919287444245878,0.1158400997401264,0.0383817200057285,-0.010955513955923734,-0.0896093856656968,-0.08862871031812078,0.07096924806847245,0.15675444761429452,-0.3365772484719588,0.7268494389759992,0.07327310250002013,0.05658420336732393,0.006185179609466118,0.0005332864339095522,-0.01074167879392256,0.002655831038248735,-0.07543778635297968,0.1347258960116476,0.11714521027964571,-0.22187427790351588,0.12519919873426097
1.0795620420293097,-0.002615062210544572,0.16661714016611598,-0.2123046608604735,-0.026850729469823698,0.007769542116134609,0.14441434466600098,-0.10875657573963719,0.018147446380467967,-0.1828083381970605,-0.3226695235516927,1.166372738369171,0.04262729605008282,-0.17256583359032646,-0.051930915984123874,0.00040121178334864285,-0.0893550906539505,-0.02372064437092778,-0.005478390218412077,0.12000875963441882,0.10186152844383907,0.22525994421296414,0.3388139598472237
0.3758139191085115,-0.024346289080881788,0.29495440408974566,0.021110375046678877,0.12378120083201001,0.08338561855920261,0.32549693903805954,0.04188314224179264,0.3083634706587498,0.15404262980741618,-0.02931326186842309,1.6379317986090869,0.041448874364533594,0.046916819580897065,0.007188146842745091,-7.60356309700505e-05,0.04189377434228066,-0.010490276858497172,-0.028133517733724123,-0.1283788255383828,0.3654349825291587,-0.15547360526912685,0.25482327982866754
-1.0537706482506324,-0.0008456279073658201,0.20689808923901723,-0.03503501609102662,-0.04138632126322328,0.04917670528873401,-0.08402514044527623,0.12879413963086755,-0.05059593577416832,0.12645515462852258,-0.12691057661889768,1.3995094443225138,0.09473728233818246,0.07544276375451427,0.01960500183754128,-0.0008108765551362751,-0.09956742890042136,-0.002399955207607718,-0.006031494555499073,-0.04683423943577143,0.27369886229981233,-0.0009169983582133056,0.1356057979162803
-2.0668278759314007,-0.041736789813037765,0.039121823532289435,-0.10025465813209608,-0.11199058608435823,-0.15966355396507206,-0.14812890418934804,-0.1221116588683265,-0.09761488387291459,-0.1828743537184468,0.11270748705748565,-0.7739432253913983,-0.001597300968061388,-0.1878156729451435,-0.028893853352958354,-0.0033616509520268067,-0.08280093496377341,-0.03352346192711777,-0.1846664344835085,-0.037377870797316956,0.23664621419920961,-0.17960924006534712,-0.20803360744186916
1.1584027078945511,-0.03833832852494066,0.10389537702230829,-0.006332503501930731,-0.11358336347489928,0.012031082299068175,0.05022683811891495,-0.12910069259978602,-0.10568567279822635,-0.20784817095048586,0.34495030062580606,0.7889109739912608,-0.16283326316471342,-0.17355206932392891,-0.0028802512065947638,0.000505628009662562,-0.09960754347962712,-0.012873282352160764,-0.2028686994761184,0.10780810933760376,0.10376691411171617,-0.20656043666413765,-0.0821432053412586
0.2396321555023821,0.0974875188124198,0.19670026364197116,-0.009294995600185273,-0.015200432585551838,0.0039609685128916714,-0.13163331919017143,0.07977385060443636,-0.036354527551028505,-0.023652838890966966,-0.12870695930944037,1.033510198395002,0.17985577582141418,0.10999408220466363,-0.012161846437527223,-0.0004195247770602428,-0.08955554092103286,-0.003150867975370719,-0.00805722505528852,-0.16504126252591336,0.1181457813999005,-0.13640244965755005,0.13548292958820723
0.8574576125332717,0.002016357063304941,0.09153000535440112,-0.014438139860807464,0.0012449341447718254,-0.031207992161577814,-0.14867688076505522,-0.05082792365866799,-0.12977739657913717,-0.07843473017176139,-0.3526883292873445,0.692995485424301,-0.04737638684090806,-0.24346475236066834,-0.028297156149293113,0.0007500096077801999,-0.0017866744037265292,-0.0066390743446798515,-0.020855582736055568,-0.11852370537408081,0.008062330136229433,-0.24295293044692726,-0.09551008533700403
-1.0304775770290238,0.13219692547755715,0.12681892828089475,-0.025038011333837495,0.030301870829045098,0.04373721136012323,-0.08269559260020705,0.05742047392954515,-0.037978134168427144,-0.01776678675777843,-0.0740385356374996,1.3912904784201188,0.02166801481402052,0.21373568464981788,-0.022890202585715523,-0.0008224321805394119,-0.08711194612192416,0.0012436126193066776,-0.008217629633309898,0.11633488913982078,0.3185971597391635,-0.049284767925068265,0.17084998362845444
-0.25238528063347976,0.0647313146811725,0.22996639134299093,0.022819052132899743,0.02290585025465086,-0.0175518153013555,-0.042614170682033506,-0.10920835758192675,-0.056448750888176136,0.21691117857462058,-0.056406008403341715,-0.4540443586147206,-0.07771343284655438,-0.008298441965326031,-0.0036454990297072774,-0.00017125444584307204,-0.10214758934653086,-0.01707330032503167,-0.011438027505251736,-0.10423183498300634,0.1651837446779929,-0.06951287673249365,-0.03817390106690608
-0.22282095330534563,0.10626974802031386,0.20002903835375624,0.006876025725425716,0.08553897372154173,0.09813269354825697,-0.09809458857399696,0.2850565815322361,-0.04072947748072693,0.2636431533656386,-0.10345024719946742,1.2532469825651176,0.0009298241002941409,-0.1253646855120306,0.1176692421877065,-0.00023704339492960357,0.09380581844914762,-0.0268527474302509,0.17615829697125784,-0.062462254085399224,0.3670916800240054,0.06333092473134805,0.13299486335521254
-0.5146228513945763,-0.2508862210900312,-0.06581952776897619,-0.04937671210945038,-0.10921680021802457,-0.03029735764700514,-0.14177520535556148,-0.43577396998264906,-0.23615316570402006,0.05092281017126572,-0.4050823239727939,-0.12693641426393593,-0.11094625312970634,-0.21627872237753226,-0.45563534818571494,-0.00036100234317393287,-0.153845458886582,-0.015307383853139322,-0.023210597876018157,-0.21064606767959465,-0.12046998139410388,-0.2517763187592657,-0.4021801105836257
-0.612372074276516,-0.18536068665255767,0.015588463009745368,0.014966623770443466,0.08310888132603714,-0.002687835650468884,-0.04935316393243152,-0.10266537791430626,0.05989126607929833,0.29101426735183616,-0.25410767465727196,0.5548491873775584,-0.0032386381943722677,-0.04166210943867599,0.009867326588546544,-0.0005397483453046803,-0.0313326076192272,-0.0012799872500625753,-0.02641206857138556,0.14672218750576543,0.15264250101097215,-0.10527485475794993,0.2622194752134467
-0.5831716280203393,0.16822732816838526,0.11725282371673247,0.0022829890502713114,0.10466753336654477,0.04483694905136622,-0.052693922161593146,-0.002119439532257239,-0.06748806316166008,0.14832687689318041,-0.05672352063628168,1.002927728153716,0.014592358812952622,0.10186445237171249,0.0094349800416337,-0.0001778049139758764,-0.07639013393153568,0.01664963297152351,-0.03238642491688468,0.00539906408707651,0.31115193942820507,0.07656381751685828,0.420887894103189
1.3509359382884483,0.1338153194580319,0.16600512457052813,0.022744399170328045,-0.006710873661072547,0.0891434492164092,-0.010059564064018024,0.08261291744709878,-0.06441160396132269,0.08408412308819013,-0.1269104404290144,1.0921053758489916,0.019362813606860298,0.08036090045558222,0.1177159372945594,0.0005767521325942049,0.0335087931796032,0.0026464713722937462,-0.011277174803328105,0.22902527866756986,0.2948538813516449,-0.11200821102997516,0.3027432765435494
-0.36681169842747446,0.2145615972473715,0.14512398256354625,0.02464959387827248,0.5234256158627629,0.07923210628837793,0.18566261535873796,0.05237930561974018,-0.01714526848406992,0.456492624589843,0.474287801890832,1.6613460125146222,0.004199794715802785,0.08701890839161522,0.10568211830854342,-0.0009261339808351643,0.14676360262747118,-0.006388132098273136,0.2057094367152966,-0.07271454053808028,0.4554903977553771,0.026372871724907477,0.4784561736870134
-0.05309648887886089,0.01927692708271147,0.0456229627241882,-0.06404337430697957,0.023507594711161504,-0.05884696248851249,-0.23132587486725206,0.018381332534464168,-0.12342969998169737,-0.1004107196783158,-0.28965590517736856,0.5283592424160475,-0.15344882741229204,-0.027779292213874474,-0.009218777090365027,-0.0005174973235184232,-0.15750826850834992,-0.014908498016011063,0.03608595882718717,-0.2075588285794364,0.10057055102861731,-0.1798848341610137,-0.09392783168193883
0.0076831989219409815,-0.005474915480679155,-0.016174391498347873,-0.05661114955980695,-0.072892911443037,-0.03956868957910738,-0.23650783171846212,-0.11139774201987604,-0.21769260107722072,0.01672890411141372,-0.20816825704953246,0.48426758347332405,-0.16741691523804506,-0.25293850419841835,0.007553466556705501,-0.00016830330654968862,0.012525602192439766,-0.022322950129522744,-0.06358722935265257,-0.1711516102814043,0.047314906598393144,-0.2658406670677202,-0.030480487371022314
-0.6739349155446495,0.08852298274092778,0.1727871484616917,-0.009392113540168978,0.04193520730734912,-0.005121144411333845,-0.030455310562731874,-0.03332072905614449,-0.10504313407711355,0.010317033960227118,-0.20111577527798802,0.6116992124918742,-0.009609766852827394,0.023406929835943835,-0.003768650588188027,-0.0006333905221932668,-0.13902692685675538,0.006432172646106338,-0.015520410947007068,-0.03009345247370767,0.208868740870167,0.1336672632001923,0.09055090067629434
1.092324458382,0.09425939872582108,0.0997364734085199,0.0929953880123291,-0.013013682241652358,0.05082337744798959,-0.11062326888888255,0.055894970020138504,-0.056443220078978486,0.045225856310821835,0.45176302954732844,1.0166508225607462,0.1440632926801552,0.16159316239294555,-0.022277621661720204,0.010019236226476824,-0.1822260024247079,0.003236147371828135,-0.016504974440948405,-0.2521887957285617,0.15248088938375873,0.28776854115453865,0.46323827595573003
-1.6648616223377655,0.11453854258494563,0.014462849017479407,0.0606945193429552,-0.11181514295546649,-0.01769094252604182,-0.2167543609548165,-0.15357829382075305,-0.13434017931017106,-0.0037824856361375224,0.23521177462253018,0.5451611714677151,-0.009538989679592724,-0.07129601917262667,-0.015537305388483968,-0.0009562622910617158,-0.1860401187992043,-0.0518739538294863,-0.03610950159222463,0.0826023487048829,0.18117052240470563,-0.18580384366110314,0.02015305636971627
-0.6443981315036208,0.09251447990253299,0.042599398586854686,-0.03724301593090802,0.03159557377300644,-0.011777977916013604,-0.09547412001004645,-0.12077913312748842,-0.1329056697891903,0.0016902876042521164,-0.3310040810097165,0.2864886021205818,-0.05755179730948399,0.11971777076894936,0.03543612473504609,-0.0005983471073840896,-0.049873305975013424,-0.03894363503882712,-0.04937470718937185,0.11075022359986723,0.2037074085687074,-0.17454128342188407,0.14600673613344872
-1.041859696612594,-0.14940954545505392,-0.004561776986608557,-0.04382439155406814,0.08058189543931951,0.011059015186276167,-0.12436217502724833,-0.023033780651267044,-0.11713372067847923,-0.001087804144808402,-0.22739878470490343,0.33192224372700013,0.03610776102341902,0.01505051178019894,-0.02291606189163211,-0.00031484806619443975,-0.17729913797791008,-0.13434693779216467,-0.031957763330031065,0.11213103635128005,0.16439920121703996,-0.1955639026840096,0.22102517665181348
0.6978156327222742,0.21858739587326523,0.25746080825252415,0.14261550187751598,0.007961199495708015,0.06127046581788376,0.031185320706014163,0.1377370173484594,0.2941536381882159,-0.0009518741628065542,0.6859157695617786,1.5307714849848124,0.09936415427440126,0.2075978932947314,0.06568495635894571,-0.00035256971781771895,0.15598258006577437,-0.009262045689602072,0.10245619833430988,0.30556361733935933,0.41984344414557,-0.10342556964604448,0.8242729834620981
1.0475250313816993,0.13914028722160515,0.13807832587728236,0.09496897970853543,-0.014950648314116233,0.025219703949539252,-0.11523292460878123,0.08896088338938828,0.1679180347459787,0.3604909642947643,0.5233381244559786,1.6437703588219716,0.0076445627969977,0.20565532263773845,0.02432257549457013,0.0004909610555055011,0.08803738436620616,-0.00199812930833172,0.10509710082848737,0.21158273487661522,0.3458564916624199,-0.09726422934307655,0.6148940479738845
1.6021196118119225,0.1737595083850632,0.3654029898808596,0.14054472432060142,0.13735911487699104,0.05345712180202389,0.01480686205641737,0.05770160103794915,0.013999857212714328,0.8701864016465344,-0.23816060076587045,1.5353657727455716,0.07082468544852291,0.1369912198734487,0.05072251908867811,0.00035113704191998,0.0775620154672021,0.000494908931328819,-0.014928339178534334,0.4970376686866359,0.35904302046168796,0.6634257723034376,0.9414717603716362
0.4121997173438009,0.18734831620408715,0.2234511423822078,-0.0027248591310119253,0.03216986301639411,0.05852943017575685,-0.11929052616601918,0.022730672280786467,-0.12334440964768492,0.3121562904021683,-0.1466427801905527,0.9847872877530456,0.03008452942878028,0.20571766326372903,0.007060661258427192,0.0003295465822388266,-0.1039517050297202,0.0070858808233801975,0.0784694965660094,0.1359577636036528,0.1829913970542459,-0.16629964282110138,0.4959645585654261
-1.0697255226179352,0.15824636371132864,0.2284704112052845,0.2104181009203713,0.07307372738715338,0.05788149331808823,-0.0640577013361617,0.2634309607469015,0.2143476634748085,0.07871020521666124,0.49509554295651814,1.832172239811213,0.09024360542342107,0.07568343196848612,-0.006460905591544108,-0.0009513120721539537,0.10721226264505859,0.03960280100213156,0.16038248531025462,0.13355831532797097,0.6235547884412783,-0.0719389210806705,0.8237464339425449
-0.7900139314431973,0.050176616447512326,0.10946559786780341,-0.14843575131531858,0.01060027843044642,-0.03327913124988724,-0.05052473271388704,0.03316152363728486,-0.1617928084575322,-0.12822348724593818,-0.36886331699371633,0.575348777681383,-0.015935755087612156,0.06615530275201831,-0.003783665378159018,-0.000647890530101236,-0.04186902604497211,-0.005620327601296893,-0.05480728197724956,0.0870203438350842,0.15707128594034064,-0.2060337108364852,0.3823080890773357
-0.3551553573027351,0.23581181522512998,0.19945842051095744,0.0956663522598312,0.0951543780959108,0.084615511253749,0.0862326630331415,0.03735348938830123,0.25141220659811647,-0.03321401977153515,0.5375796668233916,1.8445509445154862,0.02000986849436357,0.14694388238010694,0.015827298406423475,-0.0006049334428500863,0.12180671098748075,-0.0105765949069915,0.17648062134904813,0.15107081903767322,0.5270636646094532,-0.10094938836903396,0.6982468556784138
0.2717698522011956,0.23669904486096688,0.09327511356331417,0.1363309603693721,-0.01959691809480333,0.0826218481069911,0.4453178464160394,0.028148965106358136,-0.05899528032999193,0.08965200974614485,-0.012708157139578269,1.9342020434872793,0.17529364546093068,0.08134793170816774,0.15357786624015163,-0.00041688765348526504,0.022081812713305827,0.018224272060981938,0.16675863392033757,0.16826333633504992,0.4916320833396086,-0.024204202444377286,0.5761358663111398
-0.12445866453541407,0.06867578907558994,-0.07294594373206298,0.01769761609168512,0.01863573644987788,0.021632066385247662,-0.18533484239029727,-0.0680488665776692,-0.13120769007334018,-0.04197187864147782,-0.28025123066611535,0.6491080757430282,-0.12373901261300277,0.0731279151929705,-0.015203686406505757,0.0003484398134866673,-0.12226653242378242,-0.008754165918385048,-0.015591487466561204,0.10389680431264274,0.07693458814105351,-0.2783235708874227,0.08048746692139534
0.1069567779440714,0.019104386555039453,-0.3228977814542994,-0.04976573415184671,-0.02096979294185548,-0.025315981703350053,-0.024365520311849753,-0.0017124634029537233,-0.15325466750510675,-0.19288920873955248,-0.11644044412956918,-0.8510083032543015,-0.15643802844582436,-0.11370589414275364,0.026444390968595678,-0.0007793213564701417,-0.16302236224454444,-0.0066732919473892595,-0.04292280275733331,-0.12947806981038693,-0.19222563474344295,-0.07072829082320835,-0.17483198892694557
-0.9893662019631322,-0.1255633783277615,-0.16586882246603682,-0.042317602437717025,-0.045862516855350234,0.023566954695519636,-0.1991513893102292,-0.09944927948384415,0.007876126041910148,0.2850712149453119,0.34529038953978225,0.8294455854938338,-0.03299790058343408,-0.21656486905100536,-0.18860755328017714,-0.0007061312074326586,0.20395411428884672,-0.02227772240061583,-0.042292537934109566,0.238292384853429,0.21818207875209214,-0.1856983304430157,0.015559784784817765
-0.7661629563338198,-0.05406961464267823,0.004411482112161647,-0.01684637387202672,-0.05766089851623786,0.05347910839865957,-0.13603403189499952,0.008751209448619512,-0.0826131262556955,0.3138103719348626,-0.1733811138402853,1.0653465392110648,0.06791442864125327,0.020596787908472615,0.09421833564610615,-0.0005221021344526733,-0.048694827541557115,0.04447256411698488,0.09430364286081323,0.0962505179860865,0.19344919255645934,-0.11208621352077319,0.22512163458987855
-0.6308867042149776,0.16361328289234872,0.07362325312793727,-0.03325461216675096,-0.006496793835417058,0.040781543298666276,-0.11470819684241285,-0.051652769777518245,0.16278233856775462,-0.034434533275326994,-0.12586936158468126,1.277761255869787,0.13486173685152886,0.010678299461440943,-0.01377465446681061,-0.00032978039626954116,-0.1076696704827147,-0.0013735860805750733,-0.041711602269686135,0.10577296526787512,0.35603784076632794,-0.086896978410173,0.20419746438692074
0.5187346690218997,0.014670647723834484,0.010862371061780517,0.024053395605393303,-0.02078934925332625,0.002316672118848384,-0.08092592919019834,0.038080934005341224,0.211985712917987,-0.02751144941377861,0.5144925329950564,1.2931906245774083,0.13752218661674603,0.1044962629226605,0.05142555431208366,9.334042592978875e-06,0.05329825992843533,-0.01040405419206163,-0.03490613045397799,0.08099703784493109,0.3433739559450742,-0.05798738204072249,0.6457520346591613
0.3468542141941084,-0.026308148386012677,0.08365316868134069,-0.007644063087245545,0.025421339961310175,-0.0036137634871487912,-0.11592793591690294,0.02142923524970053,0.14572164473509686,-0.0714243569562778,0.5815931781009651,1.406878410890116,-0.029804371145673338,-0.002185876535363551,-0.022320143885420408,8.305824436050102e-05,-0.10601183413581498,-0.007549811696438447,-0.03218297317149208,0.2972398550674871,0.12597716154370014,-0.12963322221659598,0.7545815025785881
-1.0070498026107901,-0.40079586444244575,-0.01982741330813882,-0.04519369492082807,-0.11190027159898568,-0.07005931411818542,-0.12346318751691303,-0.13485772259429957,-0.17798446134004636,-0.06037019927780411,-0.2284262324881558,0.1177245378560821,0.11006013280125737,0.04651454259404701,-0.04710361408788142,-0.0004257158506225878,-0.07693493805029723,-0.03700629718222696,-0.03585093036598854,0.070295266465551,0.02879513420163322,-0.22048756274008846,0.04784757927998644
-1.3507883188911527,-0.06398400556826526,0.051768947381720665,-0.04975581918084391,-0.07352843257478155,-0.023960981757772525,-0.09076844990213928,-0.021136580485599854,-0.050817165929277944,0.021845993460193204,0.2734098218456832,1.4392043758028246,0.012444557915905374,0.08517795812034201,-0.050669907539261594,-0.0009376339669206146,-0.13710799113952285,0.0034881964556295665,-0.015937233080340098,0.13822893743667333,0.2610694997279202,-0.049482855412117034,0.36814739415959014
-1.2504329783325903,-0.05090502233356835,-0.024458713274381694,0.05613013086263221,0.02772504091883743,-0.07053725853356232,0.15378929241859768,-0.14551503947530797,0.037501576458454,0.021123317002127707,-0.17220989807850362,0.619550699418059,-0.011471700511101624,-0.003601102083729124,-0.03479659906936581,6.074825924828886e-05,-0.04340339598509546,-0.011380158479389113,-0.052477111139697996,0.10076691588627318,-0.04777210138174803,-0.14038502229583605,0.3747397465434311
0.06842057829609098,-0.04128208851624304,0.0683343895724728,0.06310991700392554,0.1663396668361659,0.04324003798399438,-0.03187050419997508,0.2464749723236454,0.2654606545666772,0.18834120115679537,0.6617388054542375,1.3418228884840115,0.1057827554829542,0.1657595929546755,0.018224289383481994,0.0007091261584964315,0.05080320526370059,-0.0016371856671890228,-0.03400653780640672,0.10890709459246661,0.18357991103205995,-0.04962372969205244,0.46961127041911616
-0.8008539456043557,-0.09926858554546607,-0.18776358577465455,-0.04624477669393654,-0.17948435999460033,0.00028568916771165576,0.032963345155261156,-0.05563686787583864,-0.09787773741005071,-0.3010722594442729,-0.12138662893453152,-0.6376422773324196,-0.09082574051404305,-0.02015126556180933,-0.0572981044967654,-0.0009558202875903365,-0.09660711314537576,-0.020696860207380218,-0.10174707022474597,0.12191897675417662,-0.11210786558903525,-0.09242679336620307,0.027838944352175553
-1.1727583537604211,-0.12638606220005544,-0.014763360390070712,-0.10978455595916428,0.024574136477440424,-0.0177168795375807,-0.13503515614812933,-0.01279757818355165,-0.1288519023574139,-0.09337465526226855,0.25901581992822714,1.2967981453050654,0.01756969663897321,0.10823475568876022,-0.04919011510875411,-0.000833096447180548,0.029069358339653205,-0.007137684415525492,-0.023967835634373193,0.1503461335512613,0.27763848839277616,0.12445925404534756,0.19284960576808735
-2.729546799291266,-0.09810824862526961,-0.17955900328073407,-0.0698642708826804,-0.13786701933527873,-0.14833408566804723,0.09447672785456382,0.03149041346544559,-0.09307096434428982,-0.13881338107809707,0.08845386787511793,-0.916008645001795,-0.04121457967612137,0.07663901027049339,-0.03008272763153381,-0.004827097201773567,-0.18623174151505636,-0.012713880874673534,0.015150755459434163,0.11220520085507868,-0.509968938510423,-0.02900615002082363,0.0796526965886279
-1.122121333001888,-0.014259999983743655,0.03969449710552073,0.08402159836567495,-0.07942505581290611,0.09458704183978686,-0.025440338277738304,0.09706306178803362,0.29316981857897567,0.07772176349111452,0.33970507404136924,1.5451756976126545,0.022420244297317638,0.19294484242392632,-0.011827716106482544,-0.001175754649811811,0.021725771046164154,0.0012858395102508524,-8.925862524744588e-05,0.21403211114105983,0.6048028840610059,0.3031463707180627,0.3021453855793975
-1.7131884767019698,-0.2135971328053552,-0.004986394281349504,0.05438166921943246,-0.08709922615375687,-0.005497074575124472,-0.10617791469804186,-0.07385518752024742,-0.13448846580935933,-0.10127258153754007,-0.20335146705586213,0.5607853168970982,-0.004604432677802972,0.10689209958223822,-0.020977777121684228,-0.0017252733838554412,0.004281444462548478,0.0008778966367785302,-0.027403163734626722,0.1188797910362828,0.3457033321081607,-0.10644171329087948,0.11691692024353859
-0.5151141870067846,-0.21105459030160337,-0.013561286522325666,-0.042360038474109275,-0.07775188384141511,-0.04956698410578451,-0.19252037520696827,-0.13153513589615268,-0.1749897805929141,0.2375861237605445,-0.19559597642653753,0.6947798813449111,0.004943916099589352,0.12380673804476502,-0.04004446256329484,-0.0007298924995962075,-0.15987251230834704,-0.001551603007693725,-0.017478025531535747,0.16514799266371397,0.02760992995958773,0.14867965237734326,0.26578072339618497
-0.28068539397051334,-0.056521250781568624,0.03306682840184623,-0.010062413034572693,0.07449376484524714,0.029302534993243957,-0.08999601795258565,-0.010531806825154089,0.14462692669645438,0.01405603342131032,0.42424597940776965,1.5481279933782688,0.010067742679355974,0.14950273236192002,-0.05491536632471598,-0.00030853163738271406,-0.14143636890291944,-0.006193579686105721,-0.050885666242982366,0.18396496625781528,0.16402133911025576,0.10964822470936193,0.5025112792562773
-1.0672113197387554,0.012144071500481423,0.03992894524352657,-0.046832195020606274,-0.11070542153102556,-0.026419847062662604,0.06480356292686977,-0.06908806353347643,-0.09460247507253099,0.003038417489105871,0.04361922423511331,1.295485800711709,-0.004804344120868898,0.016347459924043496,-0.030113551610224398,-0.00017835886474566466,-0.11113758057988843,-0.0026884555050434855,-0.04940639640056581,0.2196838373665962,0.159021558492908,-0.07829658395272157,0.4229310152812751
1.589413738816886,0.13161348949901336,0.033261295679810045,0.0025815879439901046,-0.004538612615222348,-0.0027050344142097948,0.13260027432893481,0.09035361865707729,-0.029376015987982652,0.10034779993570293,0.6328706825069529,1.9514284088846154,0.07202635278855532,-0.018388574038944405,0.10288724083029459,0.000920014658718582,0.37048956976194647,-0.005267394985747398,0.009929196743286184,0.5427096924764812,0.31284798035964834,0.31522207308722683,0.7575447460980802
21.21479061540312,0.23200620660077148,0.01791249776898063,0.31905522465611036,0.17797326999676244,0.19461448393882988,0.10897464140711906,0.1313251115094145,0.0727943443831232,1.9901065457785798,0.2193664870796601,2.0856094145527306,0.012766010947701023,0.06854943303150537,0.02977940110737203,-0.00049109378921397,0.09263449705493132,-0.06408654302256203,0.16734065758074781,1.7137782010844937,0.19818253166090677,0.2643601139311823,2.2008931098220743
0.3437515833807521,-0.0734684474942715,-0.0350421460585304,-0.006075082404475652,0.3326851793270095,0.021159622048098202,0.2688499595642984,-0.04623734632078449,0.11544123326022966,-0.14851419831754606,0.5839985448320605,2.1045830242910237,-0.0009145910461946904,0.09168611481483362,-0.038973618063204984,0.0001587491898751736,-0.07017770942828613,0.04871659696782036,-0.020136847888116715,0.41578035336780655,0.23008260766198543,-0.07792597917726196,0.7902845403537376
-1.6453023723552733,-0.03570091680857601,-0.11804603271034404,-0.05723065731471912,0.007069269085842178,-0.13701996946045597,-0.05304029054373967,-0.06348761735136517,-0.09181680683400048,0.0031504019405625082,-0.09350741239808631,-0.8186765240752015,-0.03683494545364505,-0.030975104772131966,-0.02324599238645182,-0.0028830574156726296,-0.09226176251282218,-0.028347464646219178,-0.1284077508896492,0.17133353982462873,-0.3620770251060007,0.22598339150107064,-0.2818503637969029
0.19854938191550425,0.11492728546561955,0.03932514074249758,-0.02447449716709018,-0.05114597210012315,-0.008796404117439672,0.2372222473022906,0.19200525561624932,0.1239894618991717,0.05967255673152181,0.40664608651199774,2.210181309641256,0.007421631333560619,0.013626425382371377,0.10429150584058729,-0.000861779859437295,0.09630150222176423,-0.017144853948712856,0.13059151170333952,0.3002447866949681,-0.05499152695355756,0.20749996144559998,0.3133281157128832
-0.7610213636728067,-0.06284689276034032,-0.1335166597992102,0.014896528865490977,-0.11101360439897401,-0.0840416026047639,-0.017658397084629886,0.014584848617169532,-0.09231957181822485,-0.1810621743186192,-0.11081182892251311,-1.2455701600108864,-0.07880051743297459,0.04114316592729086,-0.034574222706652294,-0.0009431346317794631,-0.12280876917120583,-0.027017114331392245,-0.09002889067347497,0.18310733603244608,-0.30204349606779257,0.06666652774760204,-0.2774589019866399
0.6594484053826102,0.10161492115596396,-0.05037437086951089,0.01612788355383472,0.23116338716467802,0.07146904543995287,0.049833941860726136,0.2503344143581564,0.004242231482973935,0.11783191115377907,0.05414062721660988,-0.6215285765177483,-0.054489952258663175,0.2072342809168882,0.17711551349472723,-0.00010134681436060333,0.0454201736620683,-0.009213522338486158,0.02401515879088114,0.09753764700345569,0.07483504605590756,0.20237835024709314,0.12813411040150813
0.7543754813154552,0.02041308805949864,-0.06760277584603598,-0.012668280860564618,-0.023996672019115196,-0.04278258915024615,-0.0613008200971656,-0.0498496359657155,-0.04228599221209635,-0.18550241895635936,-0.09600114667152564,-0.7612943462389665,-0.16080738716047724,0.08264046667332617,-0.10374418259523646,-0.0007649908715247733,-0.043547134136956434,0.01114127641110727,-0.03338120923155419,-0.20961434629580794,-0.2039311528590697,0.15810416332062838,-0.20262655630406864
-2.1871245865215885,0.013893296319212078,-0.0005325098534044503,0.008394338641057297,-0.09944827075321339,-0.12472001464540701,0.08157246857848972,0.04763561844899087,-0.0475370251170244,-0.07357256857225161,-0.005345606549514858,-1.2186676679451314,-0.03508680618001048,0.09555878136576709,-0.015784800674544287,-0.004544077018391412,-0.09463809417039708,-0.012592428321633787,0.027347721621686683,0.14244006999530398,-0.44172185552323695,0.24497557836117653,-0.26710418248491996
-1.583329463277114,-0.039181361211556,-0.13882705231737918,-0.029979302120968932,-0.1187344421199255,-0.027425297367259027,-0.07385770664967665,-0.047439280695406795,-0.070292623228107,-0.1512873642107996,-0.11491905832009475,-0.6073804273997576,-0.04779513549045107,0.08429457365582778,-0.02942924628958852,-0.0038413514848046225,-0.20427312396610878,-0.017450226309426053,0.025021682487448606,0.15574538432052526,-0.2902148375396144,0.009342853876119462,-0.3114364107007924
0.20994498826272734,-0.018941642594309728,-0.3402440683073927,0.043633046834392085,-0.08891922986918228,0.004329157951297802,0.09350067216257205,0.14519302033491552,-0.10672366942403073,-0.3107721641761179,0.06385473948777669,-1.0504845893286836,-0.11487144929719317,-0.07505426623329373,-0.07647161178598942,-0.0006741025162391168,-0.09194634408844919,-0.007188924254440288,0.004369338766649378,0.023064431714522195,-0.24029018166076596,-0.0713825716791062,-0.2844847970450782
-0.3410685467396921,0.045286069523267705,-0.0910189920531006,-0.02123786611743066,-0.038633047767690165,-0.02204857575485768,0.15036891840140942,-0.048062939961436776,-0.03558480985574022,-0.03508960535445773,-0.05393000211621839,-0.6278954211436807,-0.07816445742550035,0.2443149399033718,0.016607929780627285,-0.0007891901890647368,-0.058834655869665034,-0.00985812344240351,0.04024402589990857,0.08870391744679047,-0.1395727329873635,0.05701951542081938,0.04615656498159328
-0.13967852521611485,-0.018444682281116443,-0.036831967216225704,0.06071326675631985,0.05546772139497467,0.009367651497173756,-0.042832453805820056,0.20843328582216766,-0.08931927541187576,-0.09526975330188447,0.203099219842432,-0.5214271422675564,0.11505505728859813,0.16515811029898098,-0.04821472673894504,-0.0004041431235877191,0.4592024319880113,-0.012886982994862262,0.007783493511623885,0.15709629937161776,0.21631423581628165,-0.008753719365474755,0.15338982827493347
-1.40019829766991,-0.06432756414294465,0.01447870206200701,-0.06286047372759862,0.10988624994502043,0.03215348519844552,-0.09718447986545842,0.08253596632553988,-0.1030876447699784,0.0327731202762239,0.07229473024098328,0.856039629220513,-0.011597860108209623,0.2118466969076101,-0.011842601198248292,-0.0014106919480198598,-0.02613606396488404,0.009256537094872818,-0.018380964265345322,0.13165611147309236,0.3256446378569513,-0.07310402133602763,0.20199747982329538
0.4042853367537898,-0.03626898219104433,0.013143164277496932,-0.025886936580815333,-0.010636242561698683,0.02008038671577017,0.17418909593565343,0.001624812682752097,-0.08450779414968101,-0.17849571653041033,0.42911920085558963,1.5703715470596074,-0.030248448256817096,-0.05226710495846287,0.04042927579607518,2.251835041251482e-05,-0.009116991818292508,-0.018547360301905423,-0.01384405650541769,0.3093030041875691,-0.03355286191808515,-0.0574641643836193,0.1463579174478042
0.12415943193153875,0.007720350441508028,-0.3264253152996662,0.023380649373379202,-0.08518718776787777,-0.007738963244265484,-0.0002804126496892323,-0.08745404094025133,-0.1457174896479903,-0.32515243433590096,0.1644354626435259,-1.0198824227900378,-0.13223961919040192,-0.035287413798093324,-0.018006248588197948,-0.000458446890291242,0.04611066409784392,-0.022341871283645,-0.018782824346211414,0.016378633183436707,-0.2667042319779451,-0.06390986767227727,-0.2800038570936077
-1.602319309278887,-0.05642034851877238,-0.007068988167431289,-0.01958035475955775,-0.1145830785458295,-0.17621652075822342,-0.06176873978644397,-0.05888101391730087,-0.06962637300692891,-0.05644194181877915,-0.12532857623145124,-1.3631724137431651,-0.03993468764901187,-0.03836039493554404,0.001103256699520605,-0.003002200429549973,-0.15538494532396124,-0.02495021792734118,-0.026556047536518745,0.0668960536570539,-0.40510179824775017,-0.0028296660581272003,-0.43172428950436875
-1.5548228889279747,-0.052491631913569224,0.09136729945353914,-0.07593241058124045,-0.07319610646354642,-0.09057513915712759,-0.05119081106916803,-0.06616852999125795,-0.03834843455604227,-0.02924428355761486,-0.11680357652523328,-1.4539417317596772,-0.056482163325316484,0.03126809486381377,-0.046215739148973124,-0.0023543159663762746,-0.15308845371011753,0.006846567159050831,-0.03744006506929507,0.09645598207246123,-0.31211369250431054,0.014371658737965465,-0.3714179066722688
-0.03263766669474659,0.01758949268733856,-0.16879520990289826,-0.02193650440321022,-0.024552565128623804,-0.03238613392252043,0.041028870466379444,-0.0353123919652603,-0.09675576190163264,-0.20733754818087818,-0.05038495502168372,-0.8616293607672606,-0.06903000594792888,-0.00901936319231762,-0.020221246633958235,-0.00045057165037700744,-0.1550349046828111,0.017496255429343233,0.011261370873402487,0.15777737967155803,-0.24198585160479444,0.06652213172743097,-0.33724187718339815
-0.6348883066364317,-0.06557202376251521,0.1388336704114262,0.014553688888954941,-0.014186879458995527,-0.02307423710269809,0.014330330640043965,0.2120719177765727,0.140641663853014,0.1653972765253065,0.08816057675036246,-0.4518869340333816,-0.07003319194334576,-0.05565448615422204,-0.008933256696759529,-0.0012058827177902742,-0.0232578594577622,-0.027672776086616224,-0.040377480445279446,0.08523966608275887,-0.13771027846173017,-0.0019136376492880024,-0.29448497116526795
-1.2377355130379115,0.004226594649890991,0.10286970905038544,-0.012284417193407383,-0.04733953860078159,0.024857631408811275,0.06505353331209181,-0.0319609638417659,-0.084523100031622,0.06582584793659105,-0.017270247206749724,-0.5329599649147214,-0.02789661790837039,-0.010763525361910987,0.03307270866629528,-0.0011565978025389612,-0.015426216383935997,-0.019718677249423777,0.04029833430697103,0.09429463777042582,-0.22769732195469777,0.12774985518880647,-0.3172225398880948
-1.3658850210314106,-0.04186764039506028,-0.11094512828977288,-0.058362375887457275,-0.12575977006268535,-0.1348983792313391,0.0033627930689491326,-0.028822659494756396,-0.08920345887152506,-0.16553969688246367,-0.05123870449366841,-0.7608220785264047,-0.038673075218351685,-0.12838691499481655,-0.020160236953874387,-0.002793171964102159,-0.09937017142934286,-0.020721143962901766,-0.014017596622243333,0.06007505113634628,-0.36317920994432973,0.02504880669110765,-0.4193436043742268
-1.2254254153950008,-0.009566226415060086,0.02232637875231038,0.0306476462821224,-0.07712716992925976,-0.11151867889982858,0.1833927673439531,0.13575551205507502,-0.033830009332491875,-0.10055307771033757,-0.05307437023916215,-0.7087418585305928,-0.043753944386722664,-0.006811852872376889,0.017747291148768253,0.0358403022431113,0.027703693078619373,-0.024696246682037248,-0.0010093811667211128,0.0813684281950489,-0.262673624659062,0.07462470347109447,-0.31374634963504233
-0.08126465682076525,-0.006698681575454657,-0.26767340241736226,-0.037651661509881106,-0.07688099790685414,-0.12345453550941472,-0.044160032125167524,-0.11204815947328486,-0.08350632098797636,-0.3033572556918626,-0.2106535841728434,-0.8948644652245722,0.0659627412305844,-0.13829357214769486,-0.05231267754639335,-0.0007091780098938294,-0.12037020165378416,-0.034769852102600085,-0.06484025537171227,-0.04466872741841339,-0.3016274181931437,-0.0869017608249738,-0.35206269923762556
-0.012618576360994015,0.03102404285806557,-0.12164926583564348,0.00040729154001422073,-0.04394617206332372,0.006961146959089426,-0.026287597535532913,-0.05842030480265592,-0.07380947789200869,-0.20822870660035955,0.12173840512240756,-0.9083347871638757,-0.09683984219367119,-0.007691246786452677,0.008084086070619102,-0.000798405699888427,-0.17191969797461287,0.04614880615420738,-0.040217099497958576,0.17163945029006006,-0.24399575405707105,0.07795419314757268,-0.2383175089127426
-0.309962762404416,0.04355618036342337,0.010987955201457655,0.01990334598050385,-0.0012519217684829442,0.03117197881212421,0.04047200525171783,0.24909653455889683,0.002418382802713914,-0.08458553375565936,0.18150741103752566,-0.4530465889958434,-0.03590436687358256,0.117357684308001,-0.012453496950633181,-0.0010370492422690169,-0.027897692506067617,-0.005733139802785203,0.053121893650163975,0.22194813765431026,-0.1660128910384616,-0.007074877015450553,-0.04241833034764246
-1.8000201928590869,-0.09184665113091031,-0.09397723351120049,-0.040224451727383,-0.11444269771225173,-0.18636887680783598,0.09019803430565183,-0.0675828859651773,0.027071057794993702,-0.13807412748602416,-0.12335134210521237,-1.0844067784179354,0.03774995443163678,0.023906037492272027,-0.02019990088083845,-0.0032900915334587388,-0.160769973349719,-0.011890366718474165,0.051838801079518285,0.1577159675933934,-0.3845747198615193,0.04282166518222641,-0.42973849221873267
-1.2785651705566718,0.02815508274154115,-0.034233531806501995,0.009855172365427923,0.024184293549562686,-0.016161196919907538,0.09141300921621313,0.02600003246601599,0.5266325548573343,-0.05984282437301651,-0.10470502275709119,-0.43017255199523874,-0.04825290003375495,-0.022587495092584665,0.023007433139158005,-0.0033988163356209354,0.03458449124449272,-0.017838004915891225,0.03956966866966401,0.11747174782332755,-0.33152621211414146,-0.022763227943046794,-0.22298736333390162
-1.4297654939333575,-0.0539965871951658,-0.09246312757934053,0.08340487779403696,0.028973178541038404,0.01874415836780412,-0.11924201242520356,-0.022721654867881868,0.02546177715718221,0.04982777297442542,0.06412509949951746,-0.7874633799731424,-0.07435013125628558,-0.08515464943687467,-0.005817780039723841,-0.0026417209220520378,0.0012658746205445937,-0.017439914686914283,-0.08822744316019046,0.06749832496678691,-0.42399252648730323,-0.05861549262665289,-0.4340636832627611
-0.12553487453504966,0.054772482588221295,-0.0041952712101077875,-0.004555472286569273,-0.06896735932817384,-0.07116027820447872,0.04585079967866932,-0.06914938544716849,-0.13595819856814986,-0.19051734695481945,-0.09784188776885712,-1.458645578184609,-0.10462420970308921,-0.01388701413532072,-0.08714721963079013,0.005268271896920851,-0.14538188018381187,0.036128134283711685,-0.05502782600202209,-0.035013712159043295,-0.2005182313609235,0.09072915635221816,-0.2757953163688408
1.5472673363331597,0.0659048093300191,-0.02990402885276051,-0.0211606219134568,-0.03261193678417333,-0.04673237238773629,0.04277428912544652,0.031151884841587218,-0.06735616874430424,-0.25241491308808117,-0.08926377073398636,-0.5809122851017758,-0.1903436767088568,-0.04935545850357235,-0.05430042529965329,-0.0005425462753399834,-0.036140101164057636,0.020669689295786144,0.01531232733849377,-0.19868137142521647,-0.19724595325030042,0.11260560974554856,-0.028241853265626914
0.898238139936201,0.09856850170367917,-0.05834167483333772,-0.01280255487425066,-0.02313025567783784,-0.01803289963788295,0.026284831593306367,-0.043949371041276296,-0.0452127326551925,0.17005361502060126,-0.10583284651953936,-0.3862989138422108,-0.1321056979394144,-0.06618229014073237,0.07932228371082087,-0.00042650313130732087,0.4729916953668497,0.03999485158847591,0.02801463978387826,-0.14440777536057156,-0.09201052263970055,0.0040421444974382045,0.09955243222288032
-0.8537547131405256,-0.4455644040117571,0.0010653329331730354,-0.05374581522374884,-0.08486992507788194,-0.015456390018192812,0.05783592283064465,-0.050732320588458446,-0.14460912616113175,-0.02414680355282415,0.025202776367526037,-0.9296974484087809,-0.2052943436793487,0.04408516373347924,-0.06275534278857564,-0.001824379163691514,-0.25916837405230575,-0.018480507942383227,-0.18106195531210284,-0.04253433905097692,-0.28287796887654293,-0.02742561382335489,-0.2409312345312197
-0.277821976215463,0.08959115038182004,0.13461020533280071,0.06684430530659835,0.007307209557201677,0.0358097188984944,-0.09481157146451116,-0.05212913421574452,-0.09914302465402187,0.021026874900187044,-0.12233146984600288,1.0366258519346263,0.14782793266358185,-0.0034880130545349,-0.04500993726601994,-0.0007230007056274523,-0.06751136584646442,0.01222492501728194,-0.016301415279911337,-0.012949804957974997,-0.1454956312412957,-0.10165094854491645,0.14374848818252817
-0.15029363451577202,0.10333495269198707,0.03976348680245341,0.019729250618208117,-0.07204307911362777,-0.05885066589857733,0.11017377409101821,-0.028618124794651135,-0.0773626432175333,0.08746263012868871,-0.07494101854214703,-0.5903740639398218,-0.007347654454958797,0.043806372089640624,-0.028369031157939605,-0.0009540254746723597,-0.03297851123017805,-0.02451185396485025,-0.07549005789943379,0.02843760392025869,-0.19449576357897902,0.11640567310571219,-0.06313055872318447
12.642055598274004,0.1316696218910028,0.056236906840546205,0.15527246576941192,0.14247543595350853,0.26700274544017644,0.03420002793214198,-0.03353686677297487,0.33250102752583804,-0.08518823476509514,-0.0054550104017609515,-0.7161807745757952,0.05242980691303396,0.37519900323421657,0.5700495939993502,-0.0005555104897412733,0.17384898041893307,-0.08577253308533832,0.22886871049806326,-0.03635052477753753,-0.08815157326155951,0.6680050572751202,0.6194380504923113
-0.3890594978960464,0.028572622281363813,0.08931173806753803,-0.0351638625415938,0.09259642617014174,-0.1359667304074673,0.00804932367446165,-0.01855234784036517,-0.05092254600848065,-0.2997741795995593,-0.11467137377354666,-0.7293762585607431,-0.07117110085609708,-0.08783015658478491,-0.01775603017666185,-0.000671148007347,-0.0644094405205438,-0.024102385881543408,0.00010819792344323176,0.15065785260537687,-0.1638488769889502,0.01302289619303929,-0.17968467863756868
1.5960071714531316,-0.04550564768204994,-0.06787681987298369,-0.058176701682421415,-0.12907504493231156,-0.04064716695307489,-0.04714960198372964,-0.09823349946136828,-0.07361529000807723,-0.3039338659210939,-0.09350255570190473,-0.5393862009110664,-0.16673069274099586,-0.1030643370299246,0.005467206025814875,-0.0006489422234497333,0.16205621737640383,-0.004868283795159823,-0.05002606876742828,0.12225496616322636,-0.18031328358267987,0.03628863905906012,-0.17442907015936315
-0.34399403578206045,0.16313744006134376,0.10852998896275379,0.030671176972302306,0.12003833510436338,-0.0204474460890137,0.07051466302233526,0.054764542035746724,0.0012971266276898597,0.19830982614034234,0.01345552244640702,-0.373192679405968,-0.045894764365531505,0.3056573590934801,-0.00974179523434282,-0.00024268551186725773,-0.018886917352896403,-0.00388233425895228,0.045075540369565556,0.13583072030336707,-0.14369846364408517,0.16794748021670775,0.1227841879339648
-1.8110877226880113,-0.03153614909323501,0.05429044124631588,-0.03627527824635148,-0.09170784505183463,-0.21923138216987695,-0.08553361223310682,-0.006623662714280209,-0.08681212731033443,0.05851204145302362,-0.11968461405967883,-1.4622088037764702,-0.04620395631094119,-0.002224092352732354,0.01637923734315776,0.026009560156730505,-0.17276191483568848,-0.0311976850426257,-0.07328660580076654,0.06232190853993606,-0.35935755752126297,0.006258669790952664,-0.4765035827670596
1.9532911259224939,0.1507972143889181,0.008184292485990508,0.0029719321057346095,0.1329449355866167,0.11433651598312053,0.06248893210519091,-0.07965273715387315,-0.09476309207291758,0.046092305863940995,-0.04552192839350537,0.07495538984573757,0.6029215722763445,-0.07628009960564697,0.0654600210652763,-0.0007398970699375341,0.4339694808905053,0.0005270619258285869,-0.003303237286380245,-0.21239023114300712,-0.016963004982295794,-0.026129635565037647,0.029468507732574256
2.03849786080618,0.12888367294537809,0.009823738502212898,0.1588783497254071,0.0039704088861009625,0.1264539942082127,0.021257144767556736,-0.08137856481430816,-0.027188226024012697,0.17202473655316552,-0.046740907501056396,-0.00935266396223966,0.61359848298995,-0.1022160755742764,0.09268678139891255,-0.0006570374178025418,0.49012214531392206,0.06160933843986642,-0.01838069619181848,-0.2116123165383831,-0.0311523731198192,-0.01902732166182517,0.06367473510558411
-0.26816327653538546,0.10208317883058245,-0.04856131129825982,0.11515744637114134,0.03414968209114404,0.07915763028547743,0.07998837642234405,0.09019247170792974,0.07342690650130868,0.14709724820352452,-0.06468661197285011,-0.15143149494711264,0.45736613754781075,-0.023496542235792273,-0.029041575036468537,-0.000813582328818363,0.6418358549841809,0.08124824339478076,0.0866084355664805,-0.014115955245235323,0.26452397044862525,0.0005543057842096744,0.08194489781394117
0.33434167974619655,0.08605781849003921,-0.10419198600159714,0.1077060095401059,-0.03030527464752124,0.07079936038385312,0.032441937178109816,0.10512862624932158,0.028352627344699143,0.017240294748934026,-0.06148291511478643,-0.21287240837320748,0.32752709075066627,-0.08754720507170903,0.0006451651350650956,-0.0001343519106958624,0.48187984296372627,0.052794407752473925,-0.013047816628852082,-0.04188198831891752,-0.10138235358499878,-0.016631663433797607,0.040809967174549835
-0.8831988106923616,-0.1652170123543452,-0.007341461567650587,-0.059959758186227674,-0.014977959661820518,-0.03840017709501078,-0.10083279644930468,0.11880499431189148,0.04934780096233515,-0.013460924922032635,0.24028370529025214,0.6395945047809517,0.15374284242486808,-0.1456429128192341,-0.029418256978136447,-0.00059578559889637,0.2867087067440039,-0.011178190705454939,-0.03363356585506674,0.17563629993325486,-0.034879296908629606,-0.09826337122594105,-0.2415989839341024
-2.9310256784758044,-0.038831168850887596,-0.29343246913051146,-0.0927056904648345,-0.04842131732714026,0.010864653853492445,-0.1002075990277406,0.05931661418843128,-0.09509429257066335,0.12381831458371902,-0.1252153410358468,-0.7249437742777122,-0.01306462465811289,-0.042936011261005505,0.017250140621323906,-0.005059486957640402,-0.15513028222075853,-0.014532719442829389,0.026471213293690933,-0.11242677340943366,-0.4289875391033394,-0.00420156708745596,-0.5102739795865986
0.14030778505329727,0.1217328985310429,-0.0010760733379867383,0.12106869240853371,0.025895741198744292,0.10514967327373918,-0.0392071577917192,0.18087203584695546,0.1743910662724298,0.3417451900619162,0.5236013352229318,1.441228466860159,0.10889417098626346,-0.13971364380609863,0.008332194460979724,0.0002237600988951094,0.5152883192648103,-0.022326917124073732,0.19552374824951418,0.1442492680760994,-0.059729754260985944,0.17563034820864712,0.057534467120072465
-0.1323713792130346,-0.018508260118288877,-0.20192090623447304,-0.07929464992349375,-0.003781131888169487,-0.01286532927476447,-0.1027059644479837,-0.04433237220693096,0.05316576581345114,0.04589716963948805,-0.2632153841487236,0.9724274680990476,0.05610353241235142,-0.040896775936229535,-0.004111327677458476,-0.0002974006470783941,-0.06347672980504093,-0.02164982554139643,-0.06268352235605948,-0.07015315004746733,-0.032186612508321666,-0.1531933454487815,-0.27151268111649307
-0.7964561541897862,-0.06806814249844337,-0.267515924500587,-0.06075592612282073,-0.09329530845811887,-0.0010659796382230357,-0.08300498310469422,-0.10092268755289449,-0.10466579332160544,-0.16720545265148465,0.12519068189895494,-0.6838160745689388,-0.11513488669896707,-0.1630701695345349,-0.025439249864735246,-0.001103305417878575,-0.09727013593125125,-0.021315856985658632,0.029175612432254992,0.06409065918051363,-0.2313640034490942,-0.0630098570627354,-0.3365769158990595
1.5831227967930304,0.06587616261135239,-0.6102382936375688,0.14524006850152588,-0.013040802950890473,0.049074683639130166,-0.04812187383787823,0.10908176724333671,0.2002553725282497,0.06928043081811124,0.5107369565779664,1.1822359840670251,-0.12938783437784532,-0.09930513514924204,0.06709213687168498,-0.00018845346070532897,0.29296633106792863,0.015227404579535798,0.0012875504513949032,0.1595885356335735,0.15419643903738,-0.09392749457111052,-0.13413286886454978
-0.7815163811224647,0.028551794786886298,-1.8111141769528836,0.011161543052955514,-0.07022300662576506,0.027316232585682297,0.0021935124694790974,0.02071438247858639,-0.1012779433662506,-0.026512918715433643,0.0622479038709685,-0.7720515245724136,0.13665973413464944,-0.14510267895476464,-0.08449825049613069,-0.0014668151165085242,-0.07402814552419996,-0.03430754557139122,0.00010402347918319066,-0.04108109485315277,-0.18650971749449133,-0.04519748804373691,-0.5325766383738447
-0.10282027564525978,0.00013237506859007376,-1.3978221272796596,-0.10035478484423281,-0.0008213457564228311,0.017628006180179588,-0.08999462906642167,0.007425457022648052,-0.10748139711344051,-0.14960005516741587,-0.09852855583075208,-0.9758873017214775,-0.0892491924814696,0.08624200971651094,-0.07666415384024741,-0.0011393019903032542,-0.1068522187803818,0.0012247926756276506,-0.015295085041208268,0.024853224743109782,0.1289574155569432,0.10564748271759491,-0.4710782975046889
-1.5588162482862105,-0.08066249956258069,-1.1010841504664446,-0.04098296213809558,-0.09884624864276073,-0.0008122862508340934,-0.08328947066905905,-0.05760123202457921,-0.11559635131994059,0.027203453511144948,-0.007240914240790453,-0.5615497994833115,0.05343047529519827,0.06458583457229836,-0.004771707931236158,-0.00357871541736583,-0.1743062262129343,-0.022452246607601544,0.02121982561623672,0.08548383465774885,-0.27742652956616454,-0.006134705608979862,-0.530695704172474
-1.049310568309106,-0.09694118604348048,-1.8010236466150347,-0.06478163919087994,-0.08759155592726957,0.002880499255841729,-0.05477651881781296,-0.07949201533850854,-0.12103746498688728,-0.0036172477667423485,-0.22494031324682137,-0.6262313012509988,0.023884187609274132,-0.24081363756992752,-0.07549182101784635,-0.0008253479249217044,-0.1386687528342581,-0.025303777753669276,-0.09236905553410205,0.09015600465448528,-0.2601018391744986,-0.08516545496435705,-0.7053625349430942
-0.5214070358604848,-0.17283220710981756,-1.4584478357260793,-0.04619417458032156,-0.11174414602444749,0.011178985565838096,-0.19686240656487675,-0.07473414413700849,-0.14429011608786219,0.0006735125868793101,-0.23397307537459144,0.6201010758812345,-0.37773505107332184,-0.012503895802594301,-0.058488810374826186,-0.0006233919697099299,-0.039317462592336885,-0.010035031722601895,-0.031513359033337185,0.055678766795036694,-0.3446463990542155,0.11830657077302789,-0.5691250853571489
-0.025657287489883406,-0.005151211185890903,-1.5806267705297181,0.015364915122141465,0.03636222067804842,0.04276918854836063,-0.07905588315356474,-0.03589289439397434,-0.041821926342574624,0.03718742863330045,-0.08464050419236716,-0.7140169392421339,0.16233415735004986,-0.04693939709092496,0.016353951392360865,-0.0010223741353283966,-0.06252325089786229,-0.027080714049837695,-0.018395741817634502,-0.07799760334348074,-0.15757584633916277,-0.013883340893212859,-0.5234183381552617
-0.2968173508080975,0.008496032318645685,-1.4553624443474527,0.025214357073803394,0.020544536195389672,0.037512622736582645,-0.02537812594785156,-0.036023849148741106,-0.09815396855843428,-0.06428128510839523,-0.07759609010218509,-0.5326223479801323,0.18782230232578997,0.10618097504647572,-0.015218605251629259,-0.0012159625275994124,-0.15626252134393998,-0.020645514996256376,0.0065875784297885435,-0.012342006401823102,-0.14078940592739192,-0.02531318857337763,-0.38319520581940536
-0.8085748608053368,-0.009893579701528932,-1.6683613495804643,-0.05830609252622891,-0.13865564995815252,-0.06733359442706525,-0.23262794106381923,-0.057561292085747603,0.03425174819665218,-0.17919184291739576,-0.3962402469559509,0.6427921075808474,0.02663716175129549,0.010155525873914106,-0.07975495097727406,-0.0009533511828282659,-0.11469419459387384,-0.005246199791426598,-0.051303722167800506,0.051852972193254666,-0.4143785650123906,-0.15372884130876935,-0.6716606503157145
-1.8890428855373345,-0.029990249629946453,-1.297652679422307,-0.033380236624019496,-0.08806913168299872,0.002899071296098299,-0.06753972330432187,0.023666933577974624,-0.009770515710445692,0.20290538599443542,-0.2166505854763348,-0.48244291542863527,0.037134279718328056,-0.05523055348649386,-0.04628935485217909,-0.004328529726085728,-0.059596724022409654,-0.01902400972393421,-0.09869268804225281,0.11237118404085882,-0.2838779553982508,-0.10159048832724302,-0.7307263515197134
-0.9019334436711117,-0.06339733736114321,-1.5564185402682393,-0.02822080910221496,-0.03411841335765002,-0.047431381248297155,-0.10138303654028888,-0.01436752970462507,-0.0958599711804303,0.17282219634364612,0.11441788896896132,-1.2413580664090538,0.022596142923066685,0.06952954796397774,-0.0645604673089581,-0.0017732926496251355,-0.1812782852041622,-0.023662213546351517,-0.007949945237321777,-0.023761880685131586,0.14392658198332228,0.06783854586223517,-0.46677038345806227
-0.14949500234019072,-0.0008277623757350749,-1.8493639062724896,0.03043085882576415,0.16560157664653982,-0.05257592522962771,-0.113031871205903,-0.05329451026894243,-0.1499201178207097,0.0016816701508183042,0.03336790174450042,-0.9404195323187305,0.12778062018607433,-0.18480991080621564,-0.09609083209666305,-0.00112273281080828,-0.17632656415687795,0.03301565964474773,-0.03018075657558845,-0.12393670592465993,0.0028289946934377586,-0.06559566753335408,-0.39638530715893616
0.1749408438909854,0.03846142309550178,-0.3417772006201691,-0.01840020743382729,-0.034604595981119333,-0.000903795003539365,0.07110492927090198,-0.09530653828044455,0.019706462729697984,0.3654389132137047,-0.051530064254329225,-0.7765301955782505,-0.1083903808876256,-0.00558458918908542,0.05603078190915545,-0.0005747337487107985,-0.17856202001075747,-0.028160394707271053,-0.0006534180797045152,-0.15447746649458863,0.1604025267729808,-0.07356239518745263,-0.1877509003113335
-0.15313207828293027,0.011483124435163106,-0.2191061496505516,0.030526242194128715,0.001614433412551275,0.04149714269897427,-0.05446234165506754,0.11232271623008208,-0.08333811198259884,0.07946720847560522,0.1677289093998393,-0.5548528178345931,0.19699276635832463,-0.0723276415291215,0.04979758037039676,-0.0006918871701548035,0.4996912113949857,-0.03152764029979096,-0.02147201843124664,-0.07033051053291403,0.0778261905821724,-0.07330833030588532,-0.13745664555609052
0.7372685701438798,-0.00013184242110240164,-0.2425412482801928,0.05043509367489198,0.0008154222238871079,-0.08730893999461156,-0.02579791058215406,-0.04486594809385904,-0.0799635671963383,0.20676102256308893,0.14331634538630303,-0.5462901816931651,-0.031333016704692615,-0.16434772747849022,0.18503098096572962,-0.00048227670219294085,0.45428771143358526,0.015201332419682956,-0.018733440721338555,-0.33548709286254885,-0.024549821081458666,-0.04375816834229669,-0.13930997091224756
0.18843284632397594,0.017453789650970553,-0.014811546682193023,-0.014116842097072002,0.010283292390875953,0.05216779844940804,-0.05268641246930779,0.016497865678197332,-0.09588949468627064,0.08011505859965631,-0.14017696052405385,0.364889696765385,0.024580452167894153,-0.032251538486816854,-0.051918168174117166,-0.0005855842890185592,-0.02023857051076918,-0.012825595321964301,-0.04655349786278009,-0.16653906630667237,-0.2086089266809185,-0.10582604170795866,-0.15914416808519388
1.788899382436668,-0.09684682629684191,-0.08945030739516575,0.08160360733676023,-0.06730846565673083,-0.04010036806913746,-0.030148113866270698,-0.005436714492431704,-0.06454258868215534,0.30407402919122084,0.11113114649011306,-0.5137715679600905,-0.17035173643187643,-0.08577048095078563,0.05595501729286197,-0.0006142988774631597,-0.08341617512331138,-0.0131466142725154,-0.004563865140149392,-0.22933413241018874,-0.08419816236294837,-0.010219300709562073,-0.1580403353358742
0.7842530178168685,-0.06594882941685336,-0.08512472808448442,0.09039495098880375,-0.037618177394758236,0.05770124882523664,0.06267827874241849,0.005456077406614667,-0.025765783507369376,0.03302230288944408,-0.16488931294834952,0.3456766536011159,0.01013581898549285,-0.004642046272541478,-0.06569473180280268,-0.0006886493800387861,-0.024511840682986195,-0.09053929606049094,0.005889444578201087,-0.24324593535376904,-0.26786681934371187,-0.13534958301349836,-0.11877453190514461
10.212688433622787,-0.4549169219094404,-0.07802259574324344,0.06389911391109244,-0.12723334348912144,0.08541177568102505,0.10309553154677191,-0.1405373664808322,-0.016177629314556085,-0.17266218395642524,-0.0009873374832284122,-0.8981450674928414,-0.02742034507612514,-0.14232930615037037,-0.045478942819348236,-0.0008039515686506071,-0.014433498922095023,0.14564047291391374,0.005214451685705867,-0.2091575471753499,-0.1613054126871841,-0.1437662660027307,0.006210552527279489
0.5975445250387654,0.03891429043549701,-0.10381123810613468,-0.0966267475388812,-0.09217285709512302,-0.04167333553090415,0.08947356069437432,-0.011060436866054336,-0.03712863044103916,-0.10373850181106956,-0.1128979913277,-0.822862363531879,-0.12218214127808072,-0.1006379054650635,0.024104354680874705,0.011103787154574718,-0.08744133226049984,-0.006412197574121948,0.00468593754710307,-0.2573887811282183,-0.1294621733755065,0.17065094178516346,-0.3449853080374581
0.5040851711658833,-0.2554164880502706,0.026759763397972324,-0.09010086665043851,-0.06677581644484656,-0.07812426149171489,-0.027590399070095285,-0.0866993916324172,-0.09107289026270449,-0.2255497810804698,-0.12509769975513835,-1.1904508568177818,-0.15433090278305722,-0.055711426231027164,0.04541212295446595,-0.0010056740687979016,-0.08647034196189658,-0.017185268712534275,0.0038189763620762205,-0.21874885631525176,-0.17419641361170363,0.07192812321531461,-0.43000655233613266
-0.20720850815154934,-0.2821787266578143,-0.13832792615489603,-0.04079111250404255,-0.061708019751822274,-0.05763631586434963,-0.039297157168662354,0.004361347720132436,0.020033136691174302,0.10170636386257251,-0.035040222257309496,-1.0297283161449864,-0.10880485139681513,-0.05415992574287669,-0.04636494182276056,-0.0008343558263242734,-0.14301123133771299,-0.025239327904269082,-0.00044636198085248326,-0.1140140435688191,-0.2006176827283574,0.05340138356273263,-0.3480885846135314
0.6383658663753512,-0.15359051953245614,-0.18863542851105414,-0.014734609212852945,0.015288316662417145,-0.053645518565215246,-0.03191748663130038,0.005753119730138945,-0.1158287974920329,-0.2297112943397898,-0.1303039253828949,-0.8266477332708451,-0.22712323730937367,-0.07672982915401398,-0.10615519437192429,-0.0011964587845458396,-0.10935081859215626,0.009770422186568517,-0.012830286034406058,-0.2699276477187107,-0.162708527529042,-0.04127188796712637,-0.39067884723907503
2.382037435989661,-0.04037528303833371,-0.09043059244589928,-0.014905564299932283,-0.11464574616731316,-0.006256926131805241,0.11777438106180202,-0.09945981703268059,0.15800339473627076,-0.11714685485993064,0.2694552237596676,-0.6029363531443703,0.5767532255373692,-0.06391934731653252,0.06894641176148486,-0.0009669393208410426,-0.009611806001758084,-0.004207594410349813,0.004009814329747385,-0.1226626925436359,-0.1147662228559125,0.021959921275069495,-0.13375457984812886
-0.19237439111369517,-0.12655169064233376,-0.07287928473375609,-0.05802310025397772,-0.07244543721954391,-0.09231628760408225,0.022351709209124195,-0.06159003947982038,-0.08171382787016093,-0.27403697110842967,-0.061858166274700824,-1.4853585130149551,-0.11727613519450739,0.039359950023658954,-0.06794765174281955,-0.00102202169492287,-0.16395775124749937,-0.019195444067547873,-0.08844442927924323,-0.04714007946397194,-0.2591670551386983,0.016216379569075512,-0.30702158889562847
-0.34683856711768485,-0.365626768681207,-0.28504591659887135,-0.16366873197613704,-0.09225080341661376,-0.07838632199784397,-0.03634781414045083,-0.04445436435211292,-0.027392910168944608,-0.2168126263137316,-0.14883637918575948,-1.0088064838814392,-0.194483087828118,-0.034159781375615414,0.006589679422403049,-0.0006361520100714557,-0.18985812251707168,-0.03881606035907037,-0.08596529133748732,-0.06586981827914613,-0.24508742316180743,-0.040068090505953835,-0.4799859077439684
1.173826723768156,-0.1392548075516559,-0.0576035973521404,0.016891144229702615,0.030355441520570993,0.06650697010080905,0.007911323794874203,-0.020330602166826316,0.14959823524285473,-0.14620327820133633,-0.06989139910872044,-1.1353290756121504,-0.16856850830736086,-0.09148574012172209,0.03751689722461142,-0.0008458260553313224,-0.057661849196781835,0.0030584413816710843,0.013983069477432154,-0.194762201515168,-0.17998272320972886,0.08357316678978206,-0.24685414413855994
2.7714657648739607,-0.007871647520333624,-0.03712950500357977,-0.04468670567457238,-0.09918234663146493,-0.13863253118019747,0.07750675919217373,-0.07689642950218989,-0.06742830837194366,-0.26240786216882617,0.04646812257012387,-0.6342765726309418,-0.040076479342474866,-0.08950651651630404,0.0384261330520486,-0.0006124148224889048,0.23871483345818395,0.10779088223804179,-0.03471691214775117,-0.19463314163957746,-0.13124575784569545,0.03547758177893652,-0.2606577710285081
1.313215766802855,-0.21601139974089603,-0.11753827155963865,-0.09829462292422386,0.031429574115410565,-0.09228035464320969,0.00910103705503933,-0.1506027432173292,-0.1586115125244573,-0.2753864197523751,-0.1577485150456892,-1.3453360863393526,-0.27910965663106646,-0.16060156711090498,-0.15167499762544484,-0.0010870419286269418,-0.10234484678265363,-0.09867659733490357,-0.006328290433387229,-0.2619156245943625,-0.31507949136054564,-0.009457549146682532,-0.4023897125269011
0.37890478531289407,-0.10611762868334282,-0.24512221595382178,-0.07451675523043555,0.07051915943347856,-0.05808245607182525,0.013652105427522843,-0.02106440029630412,-0.11408582344879799,-0.25291890154418856,-0.15845845382154206,-1.54889140207962,-0.18757494564009725,-0.08484451728611409,-0.09117010596554023,-0.0009911513514178072,-0.13653614657452554,-0.0051293279858998005,0.0018599642442297172,-0.2497248336249978,-0.18987457320842743,0.09619379362147465,-0.3020328097094735
-0.18522025187813193,-0.27722348469093316,-0.2909419788572828,-0.038803214567820765,-0.08108825222898508,-0.03146559810073866,0.038005101825889696,-0.03544340324620112,-0.0712101877851917,-0.23468423337410288,-0.08183673876154315,-1.04425424907427,-0.2259584765493043,-0.0817048507430814,-0.06991471821045266,-0.00045633999462388883,-0.14924859789338188,-0.012912149227080994,0.007702919111921336,-0.11600324878947044,-0.2676011317947624,-0.0773401785470059,-0.26389076372687026
-0.024658461640797748,0.03391193994814597,0.1870567207667321,0.03947158183605994,0.1501898796207592,0.05499094622778751,0.010537104465324632,0.06723366843806344,-0.04998002774418353,0.04901763869604947,0.12994345212452202,-0.30183367445512355,0.2724257679273938,-0.0640469080012318,0.01307714123168111,5.6182511013513905e-05,0.5578341973711629,-0.03448377648839651,-0.01424036429403488,-0.06466377471464976,0.0037048240859220982,-0.04349028346714308,0.0027054783022565586
1.1229961185863377,-0.22433566617547554,-0.18432112915384424,-0.0753029033788013,-0.03446869641649215,-0.1147395134397244,0.027676662153875053,-0.019663279364774588,0.08074700713875008,-0.24490317306292758,-0.07614540937308538,-1.118894107512438,-0.18941871968504512,-0.06968163273908505,-0.03831660464001514,-0.0008997355258612671,-0.1269614246761021,-0.002788396459600406,-0.0021823821282730194,-0.2450881990297069,-0.2162829116526744,0.014828012897597187,-0.2476387709473463
10.57115015610895,-0.31625316589544294,0.15317653302153333,-0.029977378326926107,-0.06898649466719534,0.08119951522079756,0.09600530586186196,0.006110982433242551,-0.05700906729220012,-0.3334884380018629,-0.05585269588375992,0.29284256918390505,0.010007706027766173,0.13523718815770955,0.0004966615870374725,-0.0007674190166165218,0.0005389766556064046,0.20170806132661695,-0.005426345342361305,-0.18548522283374788,-0.15220997634557767,0.02596948200901581,0.4260247895204138
-2.8493071097501987,-0.012748496324166659,-0.11572778996724083,-0.15678731179080813,-0.15627967416129324,-0.3410114792582154,0.013567009205836821,0.03310380766767405,-0.1440623235193943,-0.1879615617385705,-0.05861831730375768,-1.7244302496510986,-0.09425649550124585,-0.06358855342545844,-0.03507677382147818,-0.0047798878426907445,-0.1376521694632131,-0.04181440277104802,0.014696351545242469,-0.3214193685122015,-0.4849950241832155,-0.061611663301440724,-0.6239085096333457
0.3625583617378966,-0.09860612039353259,-0.026476612082208906,0.04062926429493983,-0.03409650175723913,-0.14034875135270788,-0.004108217723941631,0.09738412115622577,0.0987012134310195,0.09559201548887346,0.13796868127285844,-0.56880410425473,-0.09414126471731113,-0.12075166614890502,0.31130696206665637,-0.000993008779308635,0.37133633517222364,0.0792141783754575,-0.04160466268001599,-0.07486432188558707,-0.12665760346858262,-0.02204231662428411,-0.24318846467878705
10.20499911947874,-0.3743714862103137,0.07259102903763334,-0.07775461153639647,-0.05440184655893514,-0.12545170156958313,-0.055026199722730505,-0.14102439176879625,0.23318104896675934,-0.3760572321529649,-0.05290831882285163,-0.921807018125387,-0.02577194351551313,0.03368465724469054,-0.0015889383014195957,-0.0010076711374074955,0.20802032636224865,-0.08150218696244008,0.0034840370996069405,-0.1987110482522537,-0.22496587944284413,-0.11199011289462177,0.3315810065209142
0.34619428174058225,-0.0739454569200488,-0.12270976598926024,-0.015699249430897844,-0.04282888419163662,-0.13898781979426342,0.009265986569392658,0.04181002140292263,0.044859435807707904,0.04238680738064229,-0.04517597853083002,-0.7470943837614794,-0.11403744807963845,-0.09017765148798,-0.04112958984769506,-0.0008077862987197371,-0.06761073553583374,-0.03159313945432922,0.011117826617322014,-0.13396095681139703,-0.0718459714819403,-0.031285336942274,-0.14322598423946803
-2.5622540467639534,-0.054993962257326154,-0.03152272187657892,-0.14790715405758773,0.012191297473242413,-0.0968430100586403,0.13742348564350654,0.020753706657266103,0.4376237227732651,-0.15403985300407305,-0.10276035246110418,-0.785276388853163,-0.027996088666182396,-0.12065592893095597,0.05146417145672846,-0.005019308525322996,0.23512040266761863,0.051589270517793474,0.033370406809308494,0.10221640496896138,-0.2413961796547976,0.09725753555807973,-0.15727241977876782
-1.4171021850735968,-0.10700136250417742,-0.04897161881961667,-0.08682289677295567,0.0501681928178348,-0.2760066508128425,0.019729705134394492,-0.069726870340441,-0.024612981842660142,-0.13746950022387253,-0.058614038182328534,-0.7624135651917475,-0.06142524896601955,-0.07691917686654404,-0.045934200150129015,-0.004091474279360252,-0.022341855786589714,-0.02872860805862727,0.03252361254566747,-0.017835278237485895,-0.30688975372825916,-0.0690861972668686,-0.17857460254912555
-1.4248173616561335,0.1979964953193873,0.08643129445435252,0.1583486005294863,0.08315401512417733,0.09521539057049218,0.2028395840620166,0.02899808754470694,0.067011888665707,0.12226577225999886,0.1766818238471549,-0.35769646708578284,-0.05699157031829012,-0.05314555109363726,0.15646916033155245,-0.0009392354041035667,0.40894651261391896,0.25078035145916927,0.03460690162824713,0.12015855427881758,-0.13111188654705658,0.09829181227284015,0.01541714080476746
-2.2799658341185873,-0.06550327487161214,-0.056467730354540356,-0.10369716697249629,-0.07914110657105015,-0.43822691788965373,-0.03775968109109793,-0.07783405109392443,-0.043920833100189995,0.0658837493832618,-0.12420839967827244,-1.2460216577924637,-0.05720535742092205,-0.11236971398206896,-0.16747375400065737,-0.00462761592441705,0.20668935161660046,-0.03468505922654637,-0.12687967597323238,-0.009280667848611923,-0.37014339339180385,-0.09720726073138035,-0.3164570502035401
12.042631032033903,-0.1463241980241344,0.10502832519382058,-0.05624959910295679,-0.12821042876976146,-0.047258232363637374,-0.06117037749485643,0.008096023594333701,0.051244778474042366,-0.18973847466448807,0.07882437073199515,-0.7874934128812864,0.03922515285483756,0.2934283505612423,0.46633706140656683,-0.001267500096671359,0.1748169590770506,-0.08847441370438007,0.004163924750211478,-0.20757557817854674,-0.11551309031580584,-0.0946867916987987,0.4314586920846707
0.17479279396964084,0.08463842131978731,0.17607049747169184,0.021201469268372186,-0.018915680958573055,0.10484707649060025,0.029405112526594744,0.04046566869588295,0.4212698730843211,-0.07687584341634981,-0.02489211199769468,-0.12672139749424174,-0.051685908080147856,-0.010637269988992948,0.24424835705467798,0.00020654465942966383,0.46664338587497534,0.08112925049872768,0.0029022101773099607,0.2050638751783283,-0.002911095819020648,0.027793650434070116,0.17127085492097907
0.5759328042442243,-0.12124846402935,0.13026026332012827,-0.2074211300806839,-0.06466637371428856,-0.13530846612176656,0.042209959300355496,-5.4486897124661485e-05,-0.08461170522531933,-0.258441044726366,-0.13687451864178124,-0.9127852584417523,-0.22849906937421832,-0.08530243797429078,-0.07128678452304378,-0.0008628069911019942,0.06819935321978976,-0.01158132998604513,-0.060507302633877644,-0.20036777953746326,-0.08237311846487216,0.07936183865712802,-0.02518786839894336
10.604093499324732,-0.3249541837896325,0.07956490538833103,0.005926086008999132,-0.06675896381639959,-0.12272133056177914,-0.006558229228601409,-0.0275673827559614,-0.049391244413506286,-0.0794962061788195,-0.03676836163973318,-0.8665915655846579,-0.1291359811062862,0.05525219715653842,0.17237986433798075,-0.0007322358700749376,0.16466833533167174,-0.09851531596361837,0.010160373267095757,-0.15417210368884451,-0.08170273744754324,-0.11417494562273012,0.44254644721087366
2.349860617609413,-0.07718495594528081,0.22965516210345002,-0.03208783832886519,-0.06559584939026193,-0.028031029189745472,0.07762688661931101,-0.03375086379000649,0.15941885735028533,-0.16159023713359363,0.194000687994709,-0.5731637464722815,-0.16454767523413844,-0.08028568328537071,0.10938928960173291,-0.0008667784721662741,-0.027393519414954694,0.0154844911426677,0.0011799134518221343,-0.16106409126598242,-0.1179231648984131,0.06342142922658081,0.15200294956278712
2.118395874271827,-0.14311986561209658,0.181843252504361,-0.011117001254951298,-0.02680423430045815,-0.03426714786251974,-0.018615196994087313,-0.007556942684350698,0.14139944755501793,-0.18390513734811345,-0.030534916767759414,-0.586909998924576,-0.13544469352721214,-0.059100536912641125,0.06501877605865776,-0.0006376384738321583,0.013199931103230877,0.03282336117762279,0.0005256016797546614,-0.11002860636575953,-0.07315720014273372,-0.02396719836006591,0.20728836359295827
0.17440121115033955,0.0032084912314997993,0.3006537478124633,0.01440145244129667,-0.009746814656109493,0.05931591355694543,-0.039223739518953235,-0.03155968670772964,0.09680298058587952,0.14298301426526577,-0.08930639608230084,0.41561523093446173,0.2642456108570495,-0.04194172875497841,-0.01631257930673984,0.00046439297084406307,-0.018400814338622506,0.07521072577234786,-0.04309911652856515,-0.08821935086121346,-0.13846412583228895,-0.08130825810146333,0.01933260849765688
-0.5664229859994399,0.10626114123912407,0.12340558148756502,-0.026972137283040088,-0.024004175020040108,0.03764453424566083,0.036408830336285544,0.1117695891036929,-0.053286237532541844,-0.07355937387582108,-0.08444667309761895,0.4351998789891085,-0.05547078304230535,-0.0013258404838949467,0.008590321162357206,-0.001173708460478018,0.1868106497053211,0.04090535651761362,-0.019956944212631188,-0.021225477531564164,-0.24987456846197179,-0.08544856471736875,-0.057343056740945905
-1.1283107854000254,0.014133316916418791,0.011057897106935232,-0.021340282694917702,-0.012810672517045596,0.06830820331921536,-0.09255551593868008,0.12433108205853208,-0.021475812221403424,0.020516893336242514,-0.12455435150791452,0.8106064949580478,0.08505145735549605,-0.03979617086395697,0.013027315698758457,-0.0025820347405357325,0.02530155763763391,0.022334834624647026,-0.030727664032037173,-0.03423247125385629,-0.3355466599764683,-0.10774676894223915,-0.026842831101815002
-0.00792760639424266,-0.09413494554445379,-0.09792554597313892,0.024405614504823526,-0.04734861586682859,-0.12193923266690873,0.03585469713054712,-0.04856291759811242,-0.130860596744457,0.26980692604853396,-0.169352931214421,-0.4758234735740133,0.09104454410520679,-0.12011804715589669,-0.09978020703835107,-0.0008003677352082406,-0.06327337543050789,-0.04990742805734705,-0.005607827523326936,-0.16848110171412092,-0.2531551657350219,-0.027555557118232342,-0.36381187704220874
0.24145277399643056,-0.12886903610690154,-0.16324763380134302,0.0018304513394550525,0.003027800507724265,-0.06268395809356982,-0.0063112110182782285,-0.07312250656442139,-0.060232004727967234,0.04755059194708942,-0.12883617811786188,-0.7246978275182714,0.3605576838264194,-0.054880068327458086,-0.059787097378999475,-0.0009816762588482852,-0.10798869500734361,0.05492828066820419,-0.04087603280508807,-0.11621929720524111,-0.1216532491207591,0.08127587756476409,-0.1504583304039632
0.6799112511415366,0.0726588827580282,-0.024840011270909023,-0.004448843986233353,0.03653654743562749,-0.012166594221585036,-0.050749826445515914,-0.04074054243468774,-0.07648056885184014,0.08808341053826005,-0.11465972218557736,-0.30366164666741746,-0.0010588671629962576,-0.08530532981286383,0.028715935646613476,-0.0008119404319344881,0.441848664968888,0.06806161176391567,-0.039729980487967345,-0.2620714642847884,0.06313805640837389,-0.04253003090763956,-0.10725371199875164
-0.42930346401384406,-0.005699334153856839,-0.2503479397342388,-0.024626331039306403,-0.02405124198983648,-0.014088809885948983,-0.31469332264920863,-0.054044129534618165,-0.19707522198173866,-0.08792064313934356,0.15758031703535993,0.5778843443580911,-0.40593970735757,-0.4002329558426146,-0.12023382976694164,-0.00089263973175564,-0.02654119520143894,-0.027052772699338767,-0.05716412666818593,-0.13170060595280564,-0.3695632524180746,-0.1430092847475793,-0.4899073716321053
3.0234933705194265,0.172003398856498,-0.00045185797737783416,0.027946866956072913,0.1520226443142425,0.15268082166515534,0.22832275275922376,-0.06919573891161983,0.012739630195149055,0.22988807508622422,-0.04147782458802398,0.12190683197293462,0.7485920340867173,0.10401419433009843,0.02779156024189531,-0.0008591673404350075,0.03539639130865542,0.14346598488027906,0.39898549811706785,-0.1244661354602754,0.16324638822550624,-0.013104004859545704,0.15020215665695585
-0.2299420897089302,0.023754051528362474,-0.06297025875563404,-0.01705466492775214,-0.06046710519425487,-0.0036130210852429734,-0.03629408504198439,-0.02989022114978388,-0.07158070980270156,0.0157676285640334,-0.14764673104015866,-0.4084942805579188,0.18088668848128933,-0.13834355305194732,0.025160088802464387,-0.0009289330615106728,-0.07418215519378837,-0.051662802313853985,0.0018189123082016146,-0.06585149224887052,-0.2136851195694014,-0.03594923661499037,-0.16890876325981025
-0.1994553745707713,-0.08254921933543206,0.05624050691167506,0.025375799135079546,-0.06825406038971815,0.006112790506066901,-0.07291772820566492,-0.06642483320680528,-0.016498817168197455,-0.1848036184022253,0.14080211277928897,-0.4327597015539202,0.11871782783499193,-0.15072011322839468,-0.12331943510834895,-0.0006461674691606411,0.27187742800971,-0.03279119834776054,-0.001766122761050326,-0.06769740027359283,-0.16524403016411293,-0.0730621061544702,-0.36589477100642165
-0.14864193551539975,0.040214061229682144,-0.04195798880873678,-0.04627594633216745,-0.043327805312520964,-0.028851010815700472,-0.05711792693077315,-0.03392863974626241,-0.07856046347586601,0.0066425920248327055,-0.08487556347672234,-0.4357194602451063,0.11748766935435687,-0.025820521338511336,-0.02803588727255111,-0.0009342272245597804,-0.10043741034271444,-0.02519217767657649,-0.07079949017897587,-0.07179182117742204,-0.11517685972687061,-0.08242265246906406,-0.17596885963846623
9.79662103537755,-0.38519475822857957,0.11365097232938623,-0.004368095313381027,-0.07922905938983087,-0.1676644565561623,-0.09567319140319075,0.027594150615946233,0.04605065449921808,-0.286694450280163,0.047532756942979405,-0.9785730767508426,-0.058081269439282934,-0.16216555645776953,0.014330246126203238,-0.0014164713167519772,-0.00742725184634212,-0.05959250709162491,0.08379730211868983,-0.2208157904523529,-0.1479220038587452,-0.11913881254391798,0.3728414130979055
1.1111601379177265,0.009817243933532893,0.2789708758882162,0.02625505161136612,0.10399129299802282,0.02774512084705627,-0.034499985580053405,-0.03403063786925333,0.028397586892607407,-0.07228301658243215,0.3027388226495257,0.6933033461303467,0.2228408709898087,-0.12818093676952386,0.08269653706605987,-0.0007119613678058911,0.08217870332691843,0.01656861767472586,-0.020915262608029207,-0.20649284895530692,0.07381720662931457,-0.07522660926484796,0.16006320554690837
-2.70689586969939,-0.09375995717119387,0.010157454314666437,-0.14340711515578836,-0.08837439284430619,-0.1128236536403044,-0.1254501658051473,-0.027059863135174077,-0.09879273629748546,-0.016438297282382976,-0.2464297509124222,0.34004163507958485,-0.4237372441924741,-0.22556330177880207,-0.059446776897638554,-0.0034779024653291747,-0.39186819106482934,-0.23465501143450856,-0.05648096162780956,-0.0788672576902441,-0.7364454970906161,-0.12198460237661228,-0.5835148835980173
-0.4178413777917049,0.1304330233842287,0.21173636947353466,0.06682728298487461,-0.03994698497110409,0.06744335249219233,0.0580869825298838,0.09830353498722291,0.012652839961849249,0.018317266185533577,-0.06077874732376261,-0.22310938443871448,0.2953996547602481,0.083125078134296,-0.023146683542951418,-0.0007313387799231741,0.37963154716620073,-0.0019188657094966644,-0.019982896686606556,-0.02853186355388502,-0.09196060953088443,0.03400107763940232,0.05737436084256871
0.8698618799468111,0.22976914523309516,0.31195302829275534,0.071116324205539,0.3033665770933779,0.08638047992095492,-0.0029649280244811393,0.1862488873738771,0.01287691479498596,0.179295382253094,0.14443418143432582,1.5187483898832186,0.3208613602293718,-0.06904862888504315,0.14066539586936058,-0.0006361021354635455,0.08232700845496951,0.05720509700928149,0.3543442256344929,-0.09342655620884832,0.2844774542348104,0.39445834289213827,0.28541084500309405
0.9203023631798468,-0.42081832070692393,-0.0302222492074113,0.024975105480445858,-0.04928521407533957,-0.04414440784171236,-0.1840934828733734,0.02033782993723552,-0.0992260058850996,-0.008196957786612469,-0.3463494237649337,-0.45801377627364237,-0.24649681771475426,-0.244706953670437,-0.3023651819634161,7.749479216094813e-05,-0.4630156898958518,-0.153897525655211,-0.058440405708861574,-0.3760237772039954,-0.2301433536824314,-0.26092512819243197,-0.5075621626337883
-3.5434089670922333,-0.046599307465995166,0.11489070078094574,-0.05900009703582896,-0.0019156083500323274,-0.21118856894985685,-0.04694384489670478,0.004427307490879962,-0.035423671534961045,0.05195749857579739,0.07983283138417466,-0.7959097394303327,0.1001868172085135,-0.13137237974859484,0.02597331135321159,-0.006284875605990026,0.013339888981083048,-0.03483949473665189,-0.03386037107741724,-0.19457754285189105,-0.4458672230469462,-0.03298301433446773,-0.2463225518715762
-0.3890868947408189,0.028293433661311075,0.16178660677131065,-0.0004959832816136434,0.17643060629398635,-0.03858975652335639,-0.13417140960859902,-0.12083803407385822,-0.11440418694083956,0.3124499503352208,0.047746622228519976,-0.8828314188529752,-0.17354093700603473,-0.012756711266279464,-0.07961862651316434,-0.004219960402038936,-0.10021164337980419,-0.022434805288228343,-0.01881500252132131,-0.15466968650596166,-0.021682519237052757,-0.11267864720564846,-0.039225371665184916
-0.5897423045443915,0.06193542471770108,0.1998692364310341,-0.029246509380043317,-0.021373910635629566,-0.000830635284752379,-0.10505245579585062,-0.085168976202488,-0.08537731325590148,0.07056986291672515,-0.07493468932363508,-0.4504959802374624,-0.09980604098795816,0.13758347921318687,-0.020216679401796167,-0.0005594579059687632,-0.07985003203730123,-0.019623999306511576,0.008428961673472735,-0.1184377981604527,0.23124122603264796,0.06724171944606079,0.11045229934956984
13.598477039489154,0.13869934636004846,0.12375520490287535,0.030991719334441205,-0.12273496291347455,0.03518917809687183,0.08052305031864737,0.09339113552205722,-0.04720723830137326,-0.14162642266534303,0.12258875066298422,-0.10676645935370903,-0.06701787628136051,0.28754670671077653,0.42105626224433845,-0.0007744188436452859,0.09878996733439944,-0.08911927227682774,0.003352982823481998,-0.17389853639042113,0.1457441926254009,0.4696697258090733,1.0196046302134025
-0.05045774933538176,0.2634418260600978,0.3333641237431938,0.0434680959683079,0.11154412356378396,0.14576391142152642,0.08079926014988023,0.4246858062749723,0.6849401531524667,0.13735936270286234,0.05950938398021828,0.06476499743279582,0.19527487929123294,0.1996165966553855,0.1638758153591353,-0.0008954551092956286,0.11411306974679478,0.12004458186184967,0.10484735981037359,0.016315339820743978,0.49271008089096907,0.004825928582877115,0.4307574803697958
1.8338375536142428,0.06883755622094015,0.15581161361157586,0.05491622896842818,-0.1247606555359047,0.04896360754607674,0.09300193008266744,-0.05786363956945913,0.06311231252057192,0.30118722191059133,0.1837556365141249,-0.7187884663303293,-0.1563016706607093,-0.02548085841858496,0.04733037387293857,-0.00017957621136348577,0.006987309927311269,0.05632813929132752,0.017880006564652006,-0.2790718816532494,0.11937117185997588,-0.05076166277433138,0.07354653983620887
-0.5347454877362425,-0.18591648809332062,0.1714680731971268,-0.01754086047831569,-0.0921756618869221,0.00035948242207446414,-0.07194846861852859,-0.02448468045110399,0.24701788598048874,0.06365772251902362,0.00753229364604886,-0.34676951972097436,-0.12731162769920773,-0.08940571503706689,-0.18493598200686182,-0.0007020521363479304,-0.1328813608155272,-0.056649115951189266,-0.018281472312939327,-0.10648038582781752,0.09770412422679389,-0.08981342883583769,-0.02331897328375323
-2.0098221358938546,-0.006265605364738569,-0.03168919457330803,-0.07986017938365282,-0.10838825884558942,-0.1912960256750919,-0.0804559848441416,0.03527146148513323,-0.11776875530061637,-0.2634342203669486,-0.07367319664191214,-0.7862226586337102,-0.06801168130297079,-0.21276758797302153,-0.0009905385565360358,-0.004020315177121337,0.10864582513545828,0.0013844749488371555,-0.21489147426810068,-0.0987586172335814,-0.39634190810561276,-0.0011389492766990194,-0.17214561068795775
-0.41848721025330937,-0.04521867271306377,0.11852687776850104,-0.002340422438458223,-0.048723431850592205,-0.14689369741963015,-0.027380688724823354,-0.056791408817027114,0.024463852294169097,-0.00898438513968065,0.1570027172643936,-0.49355223247521823,0.1989359450851566,-0.1822329274785793,0.046119815956373066,-0.0017748550230284542,-0.05775732354635092,-0.04854294014775036,-0.08799635136528865,0.3294116883377738,-0.06152750205892863,0.012859704751759616,0.04443147429509917
-1.1995922108419546,-0.029265456289097713,0.11814193478754972,-0.014361328809024165,0.04521338194076341,0.03765452818584798,-0.06607844990012897,0.04670449899175644,0.06545753408069324,-0.0041205364924240765,-0.0992285139668164,0.6438642505580832,0.03826225458449519,0.08413030235081624,0.010789723166687892,-0.0013321177439006959,-0.07251557871096334,-0.03379124112421561,-0.04111468143683217,-0.017016298598178457,0.4451284531441714,-0.07864517086127147,0.08873751396994303
0.20591296072478968,-0.0035998812658682767,0.1929849137371602,-0.004073920890965787,0.008311442783922285,0.0661599499800972,0.11995381388792765,-0.18747832565933437,-0.13014283301245982,0.24612484307642726,0.06328782225967196,0.9828227432384328,-0.04731397937048447,-0.050255061537205756,0.019464367824690763,-0.00011357339478292871,0.05890120657093938,-0.019634225347216816,0.013374472838899632,-0.23463225331739626,0.14855684562839783,-0.12492010372504572,0.026093370128907
-1.3144811710992765,-0.14385818561156832,0.08853637139883733,0.020715420044892862,0.08040769016317331,0.017641635618831853,-0.09762072415793215,-0.09153864753306004,-0.15000967963891618,0.01301504982967181,0.19186402653994533,0.6275021580979636,-0.012682607905238097,0.06603983688534046,-0.008587144109700873,-0.00107116650354131,-0.12712252379750746,0.002655987895063383,-0.01990685972775861,-0.04039553431495824,0.22142937015142108,-0.14349488569483954,-0.013093264620916489
-1.7097593623122602,-0.09036871289184649,0.06906471068358559,-0.019109303959641277,-0.010279917791263493,0.011601869138423116,-0.08995344685543723,0.06737023258933164,-0.18994322637768377,0.02425764279309419,0.19572496342839116,0.9391760989348782,-0.022750128182120744,0.07725805629932632,0.024860923438376224,-0.0020039508512481596,-0.1286020965061792,0.005534433049354881,0.0252155836680509,-0.0037799898739269366,0.4487197277387433,-0.07237999302608644,0.08212892351264785
2.6764813606919584,0.1210700649800784,0.4659431469904078,-0.057788626303321954,-0.053949623602289165,-0.0017201134553312513,-0.07653311839987662,-0.10608874243561761,0.17679620558390363,0.17988418369701478,0.18388444542872745,-0.6111036410920265,-0.09431921107776206,0.19156573446348943,-0.02394165284357701,9.571932395058269e-06,-0.00913201089822584,0.0076123690260854636,0.028731867507131435,0.1381914461281502,0.026557461271863047,0.13239763817682038,0.4626422430141172
0.09821938909234174,0.007360027316084405,0.32133389135480117,-0.016786970523942644,0.14861728442757868,-0.011630566731441406,-0.05795703050810275,-0.04760290220956511,-0.05353492088855383,0.09081585405693753,0.058147942277576095,-0.635803856186909,-0.10184610387924434,-0.010512335512369565,-0.04936770068376006,0.00048156440222042464,-0.0867820182520858,-0.007383938599819029,0.009679370520732356,0.020283076353428787,0.012330951080824538,-0.031098835588499706,0.1164396360775318
3.3967756856858964,0.15459874131736492,0.49128524638842536,0.24949155077089502,0.1715133506715852,0.11267286369940592,0.3086552313900833,0.2662063890137035,0.011679146331214607,0.1696655669522995,0.2308761373632035,-0.07038705606630886,0.07139386690948424,0.31759469741447255,0.12584393083321962,0.0002913946661821321,0.021706842019014693,0.011302468060276372,0.031006436568188446,0.7821227879960726,0.44559130447890993,0.05809297964293281,0.7282552703336929
-1.1508970714624576,-0.16192946438475744,0.008870763878297971,-0.023228995220118696,0.003302453897264268,0.05007926442966397,-0.14084611170939904,-0.043441915086391704,-0.12029990683504241,-0.05397321740441541,-0.13903809948523368,1.0104621882299498,0.11344747417674386,0.0091800232225264,-0.009539635115256661,-0.0010518370152629685,-0.12904058503608598,0.004001351628217442,0.026009879359824063,-0.058753905891067236,0.21728514857308942,-0.1104144189174324,-0.12313133127659696
0.705420995793102,0.14025564211890612,0.1248820732705381,0.04129046769758489,0.03442176860567274,0.08795619365423439,-0.07381233447390043,0.011701019655522416,-0.007018652326000296,0.08063981072493656,-0.1774189891176537,1.3896641207648817,0.261054081938297,-0.019533287997363404,0.045384509717003765,8.83538200413092e-05,0.0001626268110730855,-0.011678785488882858,0.1062334952582118,-0.12164363345238653,0.2124115032772905,-0.09058156970267568,0.08233127259069448
-0.7071215463605551,0.05998777891282101,0.09371482551227465,-0.015415637532308768,0.053497018728024946,-0.010139701451158256,-0.08440066688892411,-0.07081892037666337,-0.031057226584533294,0.024637018709254655,-0.11959025830395058,0.7265430002275213,-0.04098373257950518,-0.014296579284808875,0.027949641984969364,-0.0004268339653163977,-0.015312067875220148,-0.005631778809042487,-0.031444096518824426,-0.019648087127451853,0.07740878359817512,-0.08187196288327118,-0.05543953334622449
-0.7346265591588725,0.055297420155215084,0.05303434746245959,-0.009024429957905155,-0.06114679651236461,-0.026502731149688773,-0.10042806635132591,-0.0704212382486041,-0.10065949264661098,0.04777142995877766,0.01274356417167528,1.2700941465879143,-0.0011758006002710708,0.08181839413008607,-0.042296356269974654,-0.0001838277834388613,-0.13108964254851693,0.026780249652297795,-0.030519646731038286,-0.09431514135256532,0.11702742670308224,-0.09605880466455918,-0.10935669311754559
0.36681191133162516,0.03996638295694295,-0.15787708554315483,-0.04390417742026616,-0.001606472214842203,-0.016595213718000677,0.05470182780314552,-0.047436295339095394,-0.05168017234476156,-0.22695696232888593,-0.07340358490788645,-0.9726429285798546,-0.09487278234015957,-0.05633825014176726,-0.011677411814627003,-0.0009500255307834493,-0.11926540495868601,-0.010576431198248314,0.026057140186495874,-0.076414437455061,-0.09714419364333401,0.08350190950587973,-0.31312802886243996
-2.76884220745387,-0.03926444656027743,-0.10500522913544723,-0.17611213277388343,-0.13862489201043096,-0.2225004742393757,0.018698268427378695,0.04623510844249852,-0.08106415406985054,-0.1820398705856229,-0.07788126138388873,-1.4323870434600696,-0.03671512297347439,-0.05987142432826322,-0.13275886591533456,-0.006356055540388783,-0.11324234599846808,-0.021072748457251312,-0.03138080444647786,-0.2440211772984094,-0.5647655614307708,-0.01611674245731991,-0.5735348112134625
0.03199853470325307,0.04227415853151388,0.09271012435450574,0.0030374133036576547,0.02987809237343155,-0.06726872180279955,-0.038532964060802574,-0.006121224947629145,-0.09148126389461009,0.15089870438354297,0.11275522991117164,-0.705171747365383,-0.1353406457417333,-0.12477120118953922,0.2054673647543174,-0.0007861397418014171,0.06924657654028463,0.04779894842005765,-0.04680299562845445,-0.13761554391694916,-0.041473269497169604,-0.024010742497713976,-0.2832897620083414
1.6976574116154075,0.04380317851849762,0.09938351692849556,-0.00650430011698484,-0.05861063159917164,-0.0006008421207281067,0.04313813538125988,-0.04450217554130438,0.2373152380931561,-0.20193609973359053,-0.012118241160125187,-0.44432449341948405,-0.15606662186725268,-0.07060334027836204,0.04179668581963299,-0.0011794472823616787,0.012334886701355251,-0.007379834170331367,0.08418125055892611,-0.11889360245920946,-0.09406946465569987,-0.022762234313852315,-0.18719731130570622
-1.216873704034978,0.15934578435645372,0.07379871163851588,-0.05499822992011323,-0.028490485015368616,-0.011164706511001033,-0.02676922999276208,0.010264300109019686,-0.02780358398448115,-0.02145150150925339,0.3049951263480425,1.3494201766103735,0.010890323689043324,0.19252164189878557,0.005368981294832764,-0.0009375180962914343,-0.18311224230449258,-0.008670870437082279,-0.015934995658718965,0.11984083575426245,0.4290033004573468,-0.12025964770406547,0.5313572781883177
-0.2474836189079343,-0.11442813231445932,0.014228417734780674,-0.03812800275903614,0.12887997763055062,-0.0020326419083689373,-0.1304518542737772,-0.02787274741984618,-0.13632130506958867,-0.003696661558566916,0.3507776101610182,0.9615359323269592,0.007045606694267281,0.08183614541288335,-0.055812767611706525,1.0811149467393478e-05,-0.21142623922311846,0.005763272920189166,0.048963816175991236,0.12206179720593155,0.24369998086916364,-0.0842327472571954,0.39264201604005217
1.3248295651369881,0.14424303022673887,0.07537307050359772,0.046533324690396595,0.4616622453343343,0.07730345696152101,0.31293808032467824,0.12831822658174277,0.044659967485286334,0.40406231233523215,0.528133694980744,1.2250648257983916,0.010027312036215274,0.2362266229226333,0.003991019401397811,-0.00034664214899224886,0.05776967473938299,-0.0033564172310985184,0.03433398330407522,0.2912899331549677,0.4126779956630201,0.015978032682543563,0.6045401672557147
-0.2707621263474378,-0.0028172605896467752,-0.19019507716467138,0.044274744102630145,0.040769936593495704,0.0007891665288959793,-0.1498506851391385,0.0766330875624118,-0.07319145102267637,-0.1518131582079393,0.1295814086093941,-0.7053927065497028,-0.13577704506414784,-0.08362624066725691,-0.012073893558723282,-0.0012747520784833987,-0.11423226128803368,-0.024867687012519825,-0.015094204482878126,-0.060520630058833014,-0.12158056448632645,-0.05687767781965798,-0.3064794010060492
1.9540437118766298,0.02089344354785183,-0.14110332191895464,0.157554063090903,-0.07245634466894808,0.11837286299432312,-0.05008797147194279,-0.0427163921883575,0.018668863824594074,-0.12075830333212893,-0.058986361420909,-0.23721838531954295,0.5486550614278726,-0.07070535646362171,-0.05181255651116636,-0.001061054790996252,0.04406113338102582,0.009620438710577783,-0.009196230605764289,-0.15343613297360514,-0.031278629890787446,0.0027111802297915765,-0.11297707685438345
1.510931900179775,-0.09262136387199442,-0.0860120458238434,-0.020187801986796837,-0.10928197727255702,-0.01772246770116066,-0.0558077991159621,-0.03882580697852509,-0.12179408309429895,-0.1991465730262277,0.186483849913731,-0.658889372265856,-0.14516237318762215,-0.07250279920191219,0.0366851232324457,-0.0006409102579435277,0.004530106365230236,0.035301501132313805,0.007727236432116325,-0.22700580505311824,-0.09815301759803141,0.002186932793981633,-0.2787315111860644
0.15429503668528607,-0.36329272764876835,-0.27219166680601287,-0.16517481074644813,-0.07862886288219531,-0.06667299752160752,-0.010072329037836924,-0.09507428181767952,-0.10727550027547923,-0.029582523280732298,-0.08856360121596625,-0.8944801503966489,-0.0564500148297233,0.028997232996910816,-0.13369297306941386,-0.0008250321255482973,-0.14777442557567305,-0.06979061046897032,-0.013543150981092645,-0.27616396264207344,-0.1957548289378787,-0.07505028545912426,-0.4028680135528262
-0.005728830640196314,-0.012418232573278943,-0.1442949185572818,0.008561461481172029,-0.024704598101873376,-0.023669703323087,-0.1857962684677502,0.02124982178005528,-0.15111537955215876,-0.0715985137623262,-0.2259928652009961,0.9393079958286666,-0.15067282424471085,-0.019157723561940544,0.008745368202309667,-0.0008845039986996817,-0.01642959093898826,-0.010475998406629827,0.06546091913034094,-0.20912113250861825,0.017648902445849844,-0.20675324639616982,-0.351165168025909
